t[s],Relative error in y,vy[m/s],x[m],vx[m/s]
0.0,0.0,0.0,0.0,0.0
0.001,4.903277303204657e-07,-0.00980655,0.0,0.0
0.002,9.806567662132565e-07,-0.019613101178063183,0.0,0.0
0.003,1.470988078062908e-06,-0.02941965589031647,0.0,0.0
0.004,1.961322166956647e-06,-0.03922621649288934,0.0,0.0
0.005,2.45165906077494e-06,-0.04903278534191608,0.0,0.0
0.006,2.9419983184464037e-06,-0.05883936479353805,0.0,0.0
0.007,3.432339025313909e-06,-0.06864595720390596,0.0,0.0
0.008,3.922679795954523e-06,-0.0784525649291821,0.0,0.0
0.009000000000000001,4.4130187750385645e-06,-0.08825919032554266,0.0,0.0
0.010000000000000002,4.903353636405318e-06,-0.09806583574917996,0.0,0.0
0.011000000000000003,5.393681580355322e-06,-0.10787250355630469,0.0,0.0
0.012000000000000004,5.883999336087354e-06,-0.11767919610314823,0.0,0.0
0.013000000000000005,6.374303162885083e-06,-0.12748591574596488,0.0,0.0
0.014000000000000005,6.864588846855535e-06,-0.1372926648410341,0.0,0.0
0.015000000000000006,7.354851704233661e-06,-0.14709944574466288,0.0,0.0
0.016000000000000007,7.84508657615259e-06,-0.15690626081318787,0.0,0.0
0.017000000000000008,8.33528783708647e-06,-0.16671311240297773,0.0,0.0
0.01800000000000001,8.825449386231304e-06,-0.17652000287043534,0.0,0.0
0.01900000000000001,9.31556464918276e-06,-0.18632693457200017,0.0,0.0
0.02000000000000001,9.805626584937361e-06,-0.19613390986415036,0.0,0.0
0.02100000000000001,1.0295627676363697e-05,-0.2059409311034052,0.0,0.0
0.022000000000000013,1.078555993612369e-05,-0.2157480006463272,0.0,0.0
0.023000000000000013,1.1275414898728322e-05,-0.22555512084952456,0.0,0.0
0.024000000000000014,1.1765183635684748e-05,-0.2353622940696532,0.0,0.0
0.025000000000000015,1.2254856738298621e-05,-0.2451695226634192,0.0,0.0
0.026000000000000016,1.2744424328543054e-05,-0.254976808987581,0.0,0.0
0.027000000000000017,1.323387605232981e-05,-0.2647841553989517,0.0,0.0
0.028000000000000018,1.3723201087166694e-05,-0.27459156425440134,0.0,0.0
0.02900000000000002,1.4212388132215809e-05,-0.2843990379108591,0.0,0.0
0.03000000000000002,1.4701425416825707e-05,-0.2942065787253154,0.0,0.0
0.03100000000000002,1.5190300696262073e-05,-0.30401418905482475,0.0,0.0
0.03200000000000002,1.56790012488525e-05,-0.3138218712565073,0.0,0.0
0.03300000000000002,1.6167513882365893e-05,-0.32362962768755155,0.0,0.0
0.03400000000000002,1.6655824927944373e-05,-0.3334374607052165,0.0,0.0
0.035000000000000024,1.714392024273653e-05,-0.34324537266683397,0.0,0.0
0.036000000000000025,1.7631785211102215e-05,-0.35305336592981074,0.0,0.0
0.037000000000000026,1.8119404742610965e-05,-0.36286144285163086,0.0,0.0
0.03800000000000003,1.8606763265411162e-05,-0.372669605789858,0.0,0.0
0.03900000000000003,1.909384474056771e-05,-0.3824778571021378,0.0,0.0
0.04000000000000003,1.958063265097369e-05,-0.39228619914619967,0.0,0.0
0.04100000000000003,2.006710999878618e-05,-0.40209463427985964,0.0,0.0
0.04200000000000003,2.0553259316544435e-05,-0.41190316486102235,0.0,0.0
0.04300000000000003,2.1039062657303424e-05,-0.4217117932476833,0.0,0.0
0.04400000000000003,2.1524501597560013e-05,-0.4315205217979312,0.0,0.0
0.04500000000000003,2.2009557236260958e-05,-0.4413293528699502,0.0,0.0
0.046000000000000034,2.2494210197537942e-05,-0.45113828882202206,0.0,0.0
0.047000000000000035,2.2978440625611667e-05,-0.4609473320125287,0.0,0.0
0.048000000000000036,2.346222818733473e-05,-0.4707564847999541,0.0,0.0
0.04900000000000004,2.3945552072949647e-05,-0.48056574954288683,0.0,0.0
0.05000000000000004,2.4428390992393634e-05,-0.49037512860002236,0.0,0.0
0.05100000000000004,2.4910723175152612e-05,-0.5001846243301651,0.0,0.0
0.05200000000000004,2.5392526378646156e-05,-0.5099942390922307,0.0,0.0
0.05300000000000004,2.587377787188192e-05,-0.5198039752452486,0.0,0.0
0.05400000000000004,2.6354454449517936e-05,-0.5296138351483639,0.0,0.0
0.05500000000000004,2.6834532424395853e-05,-0.5394238211608401,0.0,0.0
0.05600000000000004,2.731398763002793e-05,-0.5492339356420608,0.0,0.0
0.057000000000000044,2.779279541809589e-05,-0.5590441809515325,0.0,0.0
0.058000000000000045,2.8270930658255042e-05,-0.5688545594488866,0.0,0.0
0.059000000000000045,2.8748367740778326e-05,-0.5786650734938817,0.0,0.0
0.060000000000000046,2.922508057172012e-05,-0.5884757254464059,0.0,0.0
0.06100000000000005,2.9701042575189856e-05,-0.598286517666479,0.0,0.0
0.06200000000000005,3.0176226694017596e-05,-0.608097452514255,0.0,0.0
0.06300000000000004,3.0650605385785053e-05,-0.617908532350024,0.0,0.0
0.06400000000000004,3.112415062490001e-05,-0.6277197595342148,0.0,0.0
0.06500000000000004,3.15968339030623e-05,-0.637531136427397,0.0,0.0
0.06600000000000004,3.2068626225806405e-05,-0.6473426653902834,0.0,0.0
0.06700000000000005,3.253949811366441e-05,-0.6571543487837322,0.0,0.0
0.06800000000000005,3.300941960367843e-05,-0.6669661889687493,0.0,0.0
0.06900000000000005,3.347836024663308e-05,-0.6767781883064903,0.0,0.0
0.07000000000000005,3.394628910392358e-05,-0.6865903491582633,0.0,0.0
0.07100000000000005,3.441317475563455e-05,-0.6964026738855309,0.0,0.0
0.07200000000000005,3.487898528849041e-05,-0.7062151648499123,0.0,0.0
0.07300000000000005,3.534368830552252e-05,-0.7160278244131858,0.0,0.0
0.07400000000000005,3.580725092166181e-05,-0.7258406549372911,0.0,0.0
0.07500000000000005,3.626963975932239e-05,-0.7356536587843315,0.0,0.0
0.07600000000000005,3.673082095680252e-05,-0.7454668383165761,0.0,0.0
0.07700000000000005,3.719076015975693e-05,-0.7552801958964622,0.0,0.0
0.07800000000000006,3.764942252441762e-05,-0.7650937338865975,0.0,0.0
0.07900000000000006,3.810677271350314e-05,-0.7749074546497625,0.0,0.0
0.08000000000000006,3.856277490316734e-05,-0.7847213605489126,0.0,0.0
0.08100000000000006,3.901739277604325e-05,-0.7945354539471805,0.0,0.0
0.08200000000000006,3.9470589519088764e-05,-0.8043497372078784,0.0,0.0
0.08300000000000006,3.99223278294449e-05,-0.8141642126945002,0.0,0.0
0.08400000000000006,4.037256991066375e-05,-0.8239788827707243,0.0,0.0
0.08500000000000006,4.082127747267108e-05,-0.8337937498004151,0.0,0.0
0.08600000000000006,4.126841173029533e-05,-0.8436088161476258,0.0,0.0
0.08700000000000006,4.171393339929231e-05,-0.8534240841766007,0.0,0.0
0.08800000000000006,4.2157802705377946e-05,-0.863239556251777,0.0,0.0
0.08900000000000007,4.259997937381984e-05,-0.8730552347377876,0.0,0.0
0.09000000000000007,4.3040422636494535e-05,-0.8828711219994632,0.0,0.0
0.09100000000000007,4.347909122217465e-05,-0.8926872204018343,0.0,0.0
0.09200000000000007,4.391594336838793e-05,-0.9025035323101344,0.0,0.0
0.09300000000000007,4.435093680669381e-05,-0.9123200600898008,0.0,0.0
0.09400000000000007,4.478402877238759e-05,-0.9221368061064783,0.0,0.0
0.09500000000000007,4.5215176000463376e-05,-0.9319537727260208,0.0,0.0
0.09600000000000007,4.5644334727099234e-05,-0.9417709623144933,0.0,0.0
0.09700000000000007,4.607146068310494e-05,-0.9515883772381751,0.0,0.0
0.09800000000000007,4.6496509100387915e-05,-0.9614060198635614,0.0,0.0
0.09900000000000007,4.691943470252883e-05,-0.9712238925573655,0.0,0.0
0.10000000000000007,4.734019171515997e-05,-0.9810419976865216,0.0,0.0
0.10100000000000008,4.7758733859559864e-05,-0.9908603376181866,0.0,0.0
0.10200000000000008,4.81750143480222e-05,-1.0006789147197428,0.0,0.0
0.10300000000000008,4.8588985889036136e-05,-1.0104977313587997,0.0,0.0
0.10400000000000008,4.9000600686747296e-05,-1.020316789903197,0.0,0.0
0.10500000000000008,4.940981043398109e-05,-1.0301360927210061,0.0,0.0
0.10600000000000008,4.9816566321330806e-05,-1.039955642180533,0.0,0.0
0.10700000000000008,5.0220819025163625e-05,-1.0497754406503197,0.0,0.0
0.10800000000000008,5.0622518714371414e-05,-1.0595954904991483,0.0,0.0
0.10900000000000008,5.1021615049256254e-05,-1.069415794096041,0.0,0.0
0.11000000000000008,5.141805717772719e-05,-1.079236353810264,0.0,0.0
0.11100000000000008,5.1811793737206145e-05,-1.0890571720113296,0.0,0.0
0.11200000000000009,5.220277285116528e-05,-1.0988782510689974,0.0,0.0
0.11300000000000009,5.2590942129766084e-05,-1.1086995933532782,0.0,0.0
0.11400000000000009,5.297624867245796e-05,-1.1185212012344348,0.0,0.0
0.11500000000000009,5.335863905841236e-05,-1.1283430770829854,0.0,0.0
0.11600000000000009,5.3738059356792376e-05,-1.1381652232697055,0.0,0.0
0.11700000000000009,5.4114455114487225e-05,-1.1479876421656299,0.0,0.0
0.11800000000000009,5.448777136618907e-05,-1.1578103361420553,0.0,0.0
0.11900000000000009,5.4857952625149297e-05,-1.1676333075705427,0.0,0.0
0.12000000000000009,5.522494288912798e-05,-1.1774565588229193,0.0,0.0
0.1210000000000001,5.5588685630236285e-05,-1.1872800922712814,0.0,0.0
0.1220000000000001,5.59491238074907e-05,-1.197103910287996,0.0,0.0
0.1230000000000001,5.63061998503751e-05,-1.2069280152457031,0.0,0.0
0.1240000000000001,5.6659855671559365e-05,-1.2167524095173194,0.0,0.0
0.12500000000000008,5.7010032658674645e-05,-1.2265770954760387,0.0,0.0
0.12600000000000008,5.735667167645908e-05,-1.236402075495335,0.0,0.0
0.12700000000000009,5.769971305922821e-05,-1.2462273519489657,0.0,0.0
0.12800000000000009,5.803909662016585e-05,-1.256052927210972,0.0,0.0
0.1290000000000001,5.8374761647718514e-05,-1.2658788036556825,0.0,0.0
0.1300000000000001,5.870664689463514e-05,-1.2757049836577155,0.0,0.0
0.1310000000000001,5.903469059028045e-05,-1.2855314695919808,0.0,0.0
0.1320000000000001,5.93588304361075e-05,-1.2953582638336825,0.0,0.0
0.1330000000000001,5.967900359484699e-05,-1.3051853687583206,0.0,0.0
0.1340000000000001,5.9995146705129894e-05,-1.315012786741694,0.0,0.0
0.1350000000000001,6.030719587119858e-05,-1.324840520159903,0.0,0.0
0.1360000000000001,6.0615086660848306e-05,-1.3346685713893502,0.0,0.0
0.1370000000000001,6.091875410981394e-05,-1.3444969428067446,0.0,0.0
0.1380000000000001,6.121813271575174e-05,-1.3543256367891026,0.0,0.0
0.1390000000000001,6.151315644314839e-05,-1.3641546557137507,0.0,0.0
0.1400000000000001,6.180375871674654e-05,-1.3739840019583283,0.0,0.0
0.1410000000000001,6.20898724208771e-05,-1.3838136779007892,0.0,0.0
0.1420000000000001,6.237142990380668e-05,-1.3936436859194048,0.0,0.0
0.1430000000000001,6.264836296844295e-05,-1.4034740283927654,0.0,0.0
0.1440000000000001,6.292060288025352e-05,-1.413304707699783,0.0,0.0
0.1450000000000001,6.318808036100316e-05,-1.4231357262196938,0.0,0.0
0.1460000000000001,6.345072558499118e-05,-1.4329670863320605,0.0,0.0
0.1470000000000001,6.3708468184973e-05,-1.4427987904167743,0.0,0.0
0.1480000000000001,6.396123724766377e-05,-1.4526308408540571,0.0,0.0
0.1490000000000001,6.420896130994814e-05,-1.4624632400244646,0.0,0.0
0.1500000000000001,6.445156836244365e-05,-1.4722959903088877,0.0,0.0
0.1510000000000001,6.468898584587285e-05,-1.4821290940885554,0.0,0.0
0.1520000000000001,6.492114064886161e-05,-1.4919625537450367,0.0,0.0
0.1530000000000001,6.514795910968103e-05,-1.5017963716602436,0.0,0.0
0.1540000000000001,6.536936701564614e-05,-1.5116305502164322,0.0,0.0
0.1550000000000001,6.558528959567499e-05,-1.5214650917962065,0.0,0.0
0.1560000000000001,6.579565152757553e-05,-1.5312999987825195,0.0,0.0
0.1570000000000001,6.600037693076596e-05,-1.5411352735586763,0.0,0.0
0.1580000000000001,6.619938936689305e-05,-1.550970918508336,0.0,0.0
0.1590000000000001,6.639261184044324e-05,-1.5608069360155143,0.0,0.0
0.16000000000000011,6.657996679214962e-05,-1.5706433284645853,0.0,0.0
0.16100000000000012,6.676137610911833e-05,-1.5804800982402847,0.0,0.0
0.16200000000000012,6.693676110832202e-05,-1.5903172477277112,0.0,0.0
0.16300000000000012,6.710604254706784e-05,-1.6001547793123294,0.0,0.0
0.16400000000000012,6.726914061870556e-05,-1.609992695379972,0.0,0.0
0.16500000000000012,6.7425974947423e-05,-1.6198309983168417,0.0,0.0
0.16600000000000012,6.757646459167187e-05,-1.6296696905095147,0.0,0.0
0.16700000000000012,6.772052804128474e-05,-1.6395087743449417,0.0,0.0
0.16800000000000012,6.785808321728297e-05,-1.6493482522104508,0.0,0.0
0.16900000000000012,6.798904747005457e-05,-1.6591881264937498,0.0,0.0
0.17000000000000012,6.811333757337712e-05,-1.6690283995829287,0.0,0.0
0.17100000000000012,6.823086973104252e-05,-1.6788690738664618,0.0,0.0
0.17200000000000013,6.834155957140236e-05,-1.6887101517332097,0.0,0.0
0.17300000000000013,6.844532214640674e-05,-1.6985516355724226,0.0,0.0
0.17400000000000013,6.854207193027293e-05,-1.7083935277737416,0.0,0.0
0.17500000000000013,6.863172281597984e-05,-1.7182358307272019,0.0,0.0
0.17600000000000013,6.871418811932661e-05,-1.7280785468232343,0.0,0.0
0.17700000000000013,6.87893805728835e-05,-1.737921678452668,0.0,0.0
0.17800000000000013,6.885721232750677e-05,-1.7477652280067335,0.0,0.0
0.17900000000000013,6.891759494752967e-05,-1.7576091978770634,0.0,0.0
0.18000000000000013,6.89704394113553e-05,-1.767453590455696,0.0,0.0
0.18100000000000013,6.901565611168013e-05,-1.7772984081350776,0.0,0.0
0.18200000000000013,6.90531548519172e-05,-1.7871436533080642,0.0,0.0
0.18300000000000013,6.908284484748322e-05,-1.7969893283679244,0.0,0.0
0.18400000000000014,6.910463471623971e-05,-1.8068354357083412,0.0,0.0
0.18500000000000014,6.91184324904157e-05,-1.8166819777234149,0.0,0.0
0.18600000000000014,6.912414560160869e-05,-1.8265289568076652,0.0,0.0
0.18700000000000014,6.912168089160704e-05,-1.8363763753560334,0.0,0.0
0.18800000000000014,6.911094459808724e-05,-1.846224235763885,0.0,0.0
0.18900000000000014,6.909184236433443e-05,-1.8560725404270118,0.0,0.0
0.19000000000000014,6.906427923413575e-05,-1.8659212917416346,0.0,0.0
0.19100000000000014,6.902815964575463e-05,-1.875770492104405,0.0,0.0
0.19200000000000014,6.898338743565872e-05,-1.8856201439124083,0.0,0.0
0.19300000000000014,6.892986583518637e-05,-1.8954702495631657,0.0,0.0
0.19400000000000014,6.886749747262964e-05,-1.9053208114546363,0.0,0.0
0.19500000000000015,6.879618436263956e-05,-1.9151718319852196,0.0,0.0
0.19600000000000015,6.871582791353478e-05,-1.9250233135537584,0.0,0.0
0.19700000000000015,6.862632892066534e-05,-1.9348752585595406,0.0,0.0
0.19800000000000015,6.852758757189566e-05,-1.9447276694023012,0.0,0.0
0.19900000000000015,6.841950343297552e-05,-1.9545805484822258,0.0,0.0
0.20000000000000015,6.830197546115195e-05,-1.964433898199952,0.0,0.0
0.20100000000000015,6.817490198834061e-05,-1.974287720956572,0.0,0.0
0.20200000000000015,6.803818073617177e-05,-1.9841420191536345,0.0,0.0
0.20300000000000015,6.789170880022293e-05,-1.9939967951931485,0.0,0.0
0.20400000000000015,6.773538265272041e-05,-2.003852051477584,0.0,0.0
0.20500000000000015,6.756909814396536e-05,-2.013707790409876,0.0,0.0
0.20600000000000016,6.739275050175671e-05,-2.023564014393424,0.0,0.0
0.20700000000000016,6.720623431846522e-05,-2.0334207258320984,0.0,0.0
0.20800000000000016,6.700944356312847e-05,-2.0432779271302395,0.0,0.0
0.20900000000000016,6.680227157340153e-05,-2.0531356206926614,0.0,0.0
0.21000000000000016,6.65846110540249e-05,-2.062993808924654,0.0,0.0
0.21100000000000016,6.635635407546276e-05,-2.0728524942319857,0.0,0.0
0.21200000000000016,6.611739207016883e-05,-2.0827116790209055,0.0,0.0
0.21300000000000016,6.586761583755894e-05,-2.092571365698145,0.0,0.0
0.21400000000000016,6.560691553026305e-05,-2.1024315566709215,0.0,0.0
0.21500000000000016,6.533518066852345e-05,-2.11229225434694,0.0,0.0
0.21600000000000016,6.505230012351396e-05,-2.122153461134395,0.0,0.0
0.21700000000000016,6.475816212354006e-05,-2.1320151794419746,0.0,0.0
0.21800000000000017,6.445265424768783e-05,-2.1418774116788604,0.0,0.0
0.21900000000000017,6.413566343146186e-05,-2.151740160254732,0.0,0.0
0.22000000000000017,6.380707595495264e-05,-2.1616034275797684,0.0,0.0
0.22100000000000017,6.346677745118116e-05,-2.1714672160646504,0.0,0.0
0.22200000000000017,6.311465289442012e-05,-2.1813315281205634,0.0,0.0
0.22300000000000017,6.275058660560587e-05,-2.191196366159199,0.0,0.0
0.22400000000000017,6.237446224864172e-05,-2.2010617325927586,0.0,0.0
0.22500000000000017,6.198616282431845e-05,-2.2109276298339546,0.0,0.0
0.22600000000000017,6.158557067660691e-05,-2.2207940602960132,0.0,0.0
0.22700000000000017,6.117256748218261e-05,-2.230661026392677,0.0,0.0
0.22800000000000017,6.074703425432721e-05,-2.2405285305382066,0.0,0.0
0.22900000000000018,6.0308851337344275e-05,-2.2503965751473847,0.0,0.0
0.23000000000000018,5.985789840916421e-05,-2.260265162635516,0.0,0.0
0.23100000000000018,5.939405447536962e-05,-2.2701342954184325,0.0,0.0
0.23200000000000018,5.8917197864297163e-05,-2.2800039759124933,0.0,0.0
0.23300000000000018,5.842720623435006e-05,-2.289874206534588,0.0,0.0
0.23400000000000018,5.792395656433453e-05,-2.2997449897021394,0.0,0.0
0.23500000000000018,5.740732515564068e-05,-2.3096163278331057,0.0,0.0
0.23600000000000018,5.6877187625832966e-05,-2.319488223345983,0.0,0.0
0.23700000000000018,5.6333418908797676e-05,-2.3293606786598064,0.0,0.0
0.23800000000000018,5.57758932583521e-05,-2.339233696194155,0.0,0.0
0.23900000000000018,5.520448423302469e-05,-2.3491072783691513,0.0,0.0
0.24000000000000019,5.4619064708771985e-05,-2.358981427605466,0.0,0.0
0.2410000000000002,5.401950686610514e-05,-2.3688561463243194,0.0,0.0
0.2420000000000002,5.340568219090449e-05,-2.3787314369474837,0.0,0.0
0.2430000000000002,5.277746147888375e-05,-2.3886073018972853,0.0,0.0
0.2440000000000002,5.213471482138653e-05,-2.398483743596608,0.0,0.0
0.2450000000000002,5.1477311611467426e-05,-2.4083607644688945,0.0,0.0
0.2460000000000002,5.0805120542649015e-05,-2.4182383669381493,0.0,0.0
0.2470000000000002,5.011800960199001e-05,-2.428116553428941,0.0,0.0
0.2480000000000002,4.9415846067894984e-05,-2.437995326366405,0.0,0.0
0.2490000000000002,4.8698496512856885e-05,-2.4478746881762445,0.0,0.0
0.25000000000000017,4.796582679758039e-05,-2.457754641284735,0.0,0.0
0.25100000000000017,4.7217702069668364e-05,-2.4676351881187255,0.0,0.0
0.25200000000000017,4.6453986758628926e-05,-2.4775163311056407,0.0,0.0
0.25300000000000017,4.567454457911699e-05,-2.4873980726734843,0.0,0.0
0.25400000000000017,4.487923852719947e-05,-2.4972804152508408,0.0,0.0
0.25500000000000017,4.4067930869264744e-05,-2.5071633612668776,0.0,0.0
0.25600000000000017,4.3240483156966095e-05,-2.5170469131513484,0.0,0.0
0.2570000000000002,4.239675620564491e-05,-2.526931073334595,0.0,0.0
0.2580000000000002,4.1536610107966464e-05,-2.53681584424755,0.0,0.0
0.2590000000000002,4.0659904221116675e-05,-2.5467012283217385,0.0,0.0
0.2600000000000002,3.976649717142189e-05,-2.556587227989281,0.0,0.0
0.2610000000000002,3.885624684628481e-05,-2.5664738456828964,0.0,0.0
0.2620000000000002,3.792901039381726e-05,-2.5763610838359035,0.0,0.0
0.2630000000000002,3.698464422430019e-05,-2.586248944882224,0.0,0.0
0.2640000000000002,3.602300400041601e-05,-2.596137431256384,0.0,0.0
0.2650000000000002,3.504394464161986e-05,-2.6060265453935183,0.0,0.0
0.2660000000000002,3.404732031856996e-05,-2.6159162897293706,0.0,0.0
0.2670000000000002,3.3032984448458257e-05,-2.625806666700298,0.0,0.0
0.2680000000000002,3.200078969695065e-05,-2.6356976787432713,0.0,0.0
0.2690000000000002,3.0950587976251685e-05,-2.6455893282958796,0.0,0.0
0.2700000000000002,2.9882230434312575e-05,-2.655481617796331,0.0,0.0
0.2710000000000002,2.879556746538536e-05,-2.665374549683456,0.0,0.0
0.2720000000000002,2.7690448691829545e-05,-2.6752681263967095,0.0,0.0
0.2730000000000002,2.6566722977220137e-05,-2.685162350376174,0.0,0.0
0.2740000000000002,2.5424238414016122e-05,-2.6950572240625603,0.0,0.0
0.2750000000000002,2.4262842320789662e-05,-2.7049527498972123,0.0,0.0
0.2760000000000002,2.3082381247927166e-05,-2.7148489303221073,0.0,0.0
0.2770000000000002,2.188270096265633e-05,-2.7247457677798597,0.0,0.0
0.2780000000000002,2.066364645840698e-05,-2.7346432647137227,0.0,0.0
0.2790000000000002,1.942506194496981e-05,-2.744541423567592,0.0,0.0
0.2800000000000002,1.816679084823282e-05,-2.7544402467860065,0.0,0.0
0.2810000000000002,1.688867580510136e-05,-2.764339736814152,0.0,0.0
0.2820000000000002,1.5590558666160894e-05,-2.7742398960978636,0.0,0.0
0.2830000000000002,1.4272280488163879e-05,-2.784140727083627,0.0,0.0
0.2840000000000002,1.2933681529081144e-05,-2.7940422322185823,0.0,0.0
0.2850000000000002,1.1574601253677598e-05,-2.8039444139505263,0.0,0.0
0.2860000000000002,1.019487832576236e-05,-2.8138472747279137,0.0,0.0
0.2870000000000002,8.79435060244974e-06,-2.823750816999861,0.0,0.0
0.2880000000000002,7.372855136730225e-06,-2.8336550432161483,0.0,0.0
0.2890000000000002,5.930228173181306e-06,-2.8435599558272218,0.0,0.0
0.2900000000000002,4.466305141991421e-06,-2.853465557284196,0.0,0.0
0.2910000000000002,2.9809206605593616e-06,-2.863371850038857,0.0,0.0
0.2920000000000002,1.4739085271134028e-06,-2.873278836543664,0.0,0.0
0.2930000000000002,5.489827716334079e-08,-2.8831865192517525,0.0,0.0
0.2940000000000002,1.6056676006690749e-06,-2.893094900616936,0.0,0.0
0.2950000000000002,3.1785681111328956e-06,-2.90300398309371,0.0,0.0
0.2960000000000002,4.773769309856652e-06,-2.9129137691372518,0.0,0.0
0.2970000000000002,6.391441531885323e-06,-2.9228242612034254,0.0,0.0
0.2980000000000002,8.031755941361738e-06,-2.9327354617487833,0.0,0.0
0.2990000000000002,9.694884547504866e-06,-2.9426473732305687,0.0,0.0
0.3000000000000002,1.1381000195358237e-05,-2.9525599981067177,0.0,0.0
0.3010000000000002,1.309027657921083e-05,-2.962473338835862,0.0,0.0
0.3020000000000002,1.4822888232999398e-05,-2.9723873978773327,0.0,0.0
0.3030000000000002,1.6579010551394067e-05,-2.9823021776911602,0.0,0.0
0.3040000000000002,1.83588197720516e-05,-2.992217680738079,0.0,0.0
0.3050000000000002,2.0162492996744395e-05,-3.0021339094795283,0.0,0.0
0.3060000000000002,2.199020818238311e-05,-3.012050866377656,0.0,0.0
0.3070000000000002,2.3842144153078278e-05,-3.0219685538953214,0.0,0.0
0.3080000000000002,2.5718480593236824e-05,-3.0318869744960955,0.0,0.0
0.3090000000000002,2.7619398059664984e-05,-3.0418061306442654,0.0,0.0
0.3100000000000002,2.9545077979913548e-05,-3.051726024804837,0.0,0.0
0.3110000000000002,3.149570266126093e-05,-3.061646659443535,0.0,0.0
0.3120000000000002,3.3471455283313076e-05,-3.0715680370268093,0.0,0.0
0.3130000000000002,3.547251991355085e-05,-3.0814901600218336,0.0,0.0
0.3140000000000002,3.7499081500151064e-05,-3.091413030896511,0.0,0.0
0.3150000000000002,3.9551325879742273e-05,-3.101336652119474,0.0,0.0
0.3160000000000002,4.16294397861226e-05,-3.1112610261600886,0.0,0.0
0.3170000000000002,4.373361084275476e-05,-3.1211861554884566,0.0,0.0
0.3180000000000002,4.5864027572452385e-05,-3.1311120425754173,0.0,0.0
0.31900000000000023,4.802087940466839e-05,-3.141038689892551,0.0,0.0
0.32000000000000023,5.0204356664859284e-05,-3.1509660999121807,0.0,0.0
0.32100000000000023,5.241465059751263e-05,-3.160894275107375,0.0,0.0
0.32200000000000023,5.465195335255777e-05,-3.1708232179519507,0.0,0.0
0.32300000000000023,5.691645799590987e-05,-3.1807529309204745,0.0,0.0
0.32400000000000023,5.9208358513494804e-05,-3.190683416488267,0.0,0.0
0.32500000000000023,6.152784981604498e-05,-3.200614677131404,0.0,0.0
0.32600000000000023,6.387512773773538e-05,-3.2105467153267195,0.0,0.0
0.32700000000000023,6.625038904251536e-05,-3.2204795335518077,0.0,0.0
0.32800000000000024,6.865383142634201e-05,-3.2304131342850266,0.0,0.0
0.32900000000000024,7.10856535246836e-05,-3.240347520005499,0.0,0.0
0.33000000000000024,7.354605491029599e-05,-3.2502826931931166,0.0,0.0
0.33100000000000024,7.603523610020478e-05,-3.260218656328541,0.0,0.0
0.33200000000000024,7.855339856177731e-05,-3.2701554118932075,0.0,0.0
0.33300000000000024,8.110074471299883e-05,-3.280092962369327,0.0,0.0
0.33400000000000024,8.367747792050905e-05,-3.290031310239889,0.0,0.0
0.33500000000000024,8.628380251700661e-05,-3.2999704579886626,0.0,0.0
0.33600000000000024,8.89199237921951e-05,-3.3099104081002015,0.0,0.0
0.33700000000000024,9.158604800836185e-05,-3.3198511630598446,0.0,0.0
0.33800000000000024,9.428238238872397e-05,-3.329792725353719,0.0,0.0
0.33900000000000025,9.700913513869955e-05,-3.3397350974687434,0.0,0.0
0.34000000000000025,9.976651543410315e-05,-3.3496782818926287,0.0,0.0
0.34100000000000025,0.00010255473343456743,-3.359622281113883,0.0,0.0
0.34200000000000025,0.00010537400028758796,-3.3695670976218124,0.0,0.0
0.34300000000000025,0.00010822452812335641,-3.379512733906523,0.0,0.0
0.34400000000000025,0.00011110653007240982,-3.3894591924589266,0.0,0.0
0.34500000000000025,0.00011402022025617419,-3.399406475770739,0.0,0.0
0.34600000000000025,0.00011696581379712389,-3.4093545863344863,0.0,0.0
0.34700000000000025,0.00011994352682727916,-3.4193035266435046,0.0,0.0
0.34800000000000025,0.00012295357648238808,-3.429253299191944,0.0,0.0
0.34900000000000025,0.00012599618091178722,-3.439203906474772,0.0,0.0
0.35000000000000026,0.0001290715592845198,-3.4491553509877733,0.0,0.0
0.35100000000000026,0.00013217993178735526,-3.459107635227555,0.0,0.0
0.35200000000000026,0.0001353215196311392,-3.469060761691548,0.0,0.0
0.35300000000000026,0.00013849654506019817,-3.4790147328780097,0.0,0.0
0.35400000000000026,0.0001417052313494824,-3.4889695512860266,0.0,0.0
0.35500000000000026,0.00014494780280777434,-3.4989252194155167,0.0,0.0
0.35600000000000026,0.00014822448479076598,-3.508881739767232,0.0,0.0
0.35700000000000026,0.00015153550369845887,-3.5188391148427622,0.0,0.0
0.35800000000000026,0.00015488108698015368,-3.528797347144535,0.0,0.0
0.35900000000000026,0.00015826146314003507,-3.538756439175821,0.0,0.0
0.36000000000000026,0.00016167686173614823,-3.5487163934407344,0.0,0.0
0.36100000000000027,0.0001651275133985479,-3.5586772124442376,0.0,0.0
0.36200000000000027,0.00016861364981657215,-3.5686388986921416,0.0,0.0
0.36300000000000027,0.00017213550375723717,-3.57860145469111,0.0,0.0
0.36400000000000027,0.00017569330905577263,-3.588564882948661,0.0,0.0
0.36500000000000027,0.00017928730063331933,-3.5985291859731707,0.0,0.0
0.36600000000000027,0.0001829177144983385,-3.6084943662738738,0.0,0.0
0.36700000000000027,0.0001865847877400554,-3.6184604263608686,0.0,0.0
0.36800000000000027,0.00019028875855233587,-3.6284273687451187,0.0,0.0
0.36900000000000027,0.00019402986621653575,-3.6383951959384544,0.0,0.0
0.3700000000000003,0.0001978083511218248,-3.6483639104535768,0.0,0.0
0.3710000000000003,0.00020162445476976966,-3.6583335148040597,0.0,0.0
0.3720000000000003,0.00020547841976522853,-3.6683040115043526,0.0,0.0
0.3730000000000003,0.00020937048983506412,-3.6782754030697826,0.0,0.0
0.3740000000000003,0.00021330090982423058,-3.688247692016558,0.0,0.0
0.3750000000000003,0.00021726992570865122,-3.6982208808617694,0.0,0.0
0.3760000000000003,0.00022127778458887358,-3.708194972123394,0.0,0.0
0.3770000000000003,0.00022532473470720255,-3.7181699683202973,0.0,0.0
0.3780000000000003,0.00022941102544369726,-3.7281458719722353,0.0,0.0
0.3790000000000003,0.00023353690731886095,-3.7381226855998584,0.0,0.0
0.3800000000000003,0.0002377026320101125,-3.7481004117247125,0.0,0.0
0.3810000000000003,0.00024190845234652194,-3.758079052869243,0.0,0.0
0.3820000000000003,0.00024615462231789405,-3.7680586115567962,0.0,0.0
0.3830000000000003,0.00025044139707662083,-3.7780390903116228,0.0,0.0
0.3840000000000003,0.0002547690329468287,-3.7880204916588798,0.0,0.0
0.3850000000000003,0.0002591377874266729,-3.7980028181246337,0.0,0.0
0.3860000000000003,0.000263547919193145,-3.807986072235863,0.0,0.0
0.3870000000000003,0.00026799968810882577,-3.8179702565204607,0.0,0.0
0.3880000000000003,0.0002724933552252223,-3.827955373507237,0.0,0.0
0.3890000000000003,0.00027702918278785655,-3.837941425725921,0.0,0.0
0.3900000000000003,0.0002816074342427278,-3.8479284157071656,0.0,0.0
0.3910000000000003,0.0002862283742428087,-3.8579163459825474,0.0,0.0
0.3920000000000003,0.0002908922686497754,-3.8679052190845717,0.0,0.0
0.3930000000000003,0.00029559938454094646,-3.8778950375466734,0.0,0.0
0.3940000000000003,0.0003003499902124142,-3.8878858039032207,0.0,0.0
0.3950000000000003,0.0003051443551883536,-3.897877520689517,0.0,0.0
0.3960000000000003,0.00030998275022671917,-3.907870190441804,0.0,0.0
0.3970000000000003,0.0003148654473159313,-3.9178638156972645,0.0,0.0
0.3980000000000003,0.0003197927196917841,-3.927858398994024,0.0,0.0
0.3990000000000003,0.00032476484183419476,-3.9378539428711554,0.0,0.0
0.4000000000000003,0.0003297820894793756,-3.947850449868679,0.0,0.0
0.4010000000000003,0.00033484473961972126,-3.957847922527567,0.0,0.0
0.4020000000000003,0.0003399530705100769,-3.9678463633897456,0.0,0.0
0.4030000000000003,0.00034510736167809225,-3.977845774998098,0.0,0.0
0.4040000000000003,0.00035030789392613104,-3.9878461598964665,0.0,0.0
0.4050000000000003,0.0003555549493322386,-3.997847520629655,0.0,0.0
0.4060000000000003,0.000360848811267741,-4.007849859743433,0.0,0.0
0.4070000000000003,0.00036618976439172326,-4.017853179784536,0.0,0.0
0.4080000000000003,0.0003715780946617497,-4.0278574833006715,0.0,0.0
0.4090000000000003,0.0003770140893384436,-4.037862772840517,0.0,0.0
0.4100000000000003,0.00038249803699454767,-4.047869050953728,0.0,0.0
0.4110000000000003,0.00038803022751164167,-4.057876320190935,0.0,0.0
0.4120000000000003,0.0003936109520991381,-4.067884583103752,0.0,0.0
0.4130000000000003,0.00039924050328874643,-4.077893842244775,0.0,0.0
0.4140000000000003,0.0004049191749459968,-4.087904100167585,0.0,0.0
0.4150000000000003,0.00041064726227832464,-4.0979153594267546,0.0,0.0
0.4160000000000003,0.0004164250618298129,-4.1079276225778445,0.0,0.0
0.4170000000000003,0.00042225287150543674,-4.117940892177411,0.0,0.0
0.4180000000000003,0.0004281309905575364,-4.1279551707830064,0.0,0.0
0.4190000000000003,0.00043405971960781733,-4.137970460953183,0.0,0.0
0.4200000000000003,0.0004400393606465009,-4.147986765247496,0.0,0.0
0.4210000000000003,0.0004460702170326611,-4.158004086226503,0.0,0.0
0.4220000000000003,0.0004521525935140296,-4.168022426451771,0.0,0.0
0.4230000000000003,0.0004582867962250845,-4.178041788485877,0.0,0.0
0.4240000000000003,0.00046447313269002127,-4.188062174892409,0.0,0.0
0.4250000000000003,0.0004707119118366583,-4.198083588235974,0.0,0.0
0.4260000000000003,0.00047700344399851654,-4.208106031082194,0.0,0.0
0.4270000000000003,0.0004833480409223846,-4.2181295059977115,0.0,0.0
0.4280000000000003,0.0004897460157749499,-4.228154015550197,0.0,0.0
0.4290000000000003,0.0004961976831490809,-4.238179562308342,0.0,0.0
0.4300000000000003,0.0005027033590695607,-4.248206148841871,0.0,0.0
0.4310000000000003,0.0005092633609994461,-4.258233777721538,0.0,0.0
0.43200000000000033,0.0005158780078488086,-4.268262451519133,0.0,0.0
0.43300000000000033,0.0005225476199800054,-4.2782921728074825,0.0,0.0
0.43400000000000033,0.0005292725192137669,-4.288322944160452,0.0,0.0
0.43500000000000033,0.0005360530288376733,-4.298354768152952,0.0,0.0
0.43600000000000033,0.0005428894736097826,-4.308387647360934,0.0,0.0
0.43700000000000033,0.0005497821797726699,-4.3184215843614036,0.0,0.0
0.43800000000000033,0.0005567314750467628,-4.328456581732412,0.0,0.0
0.43900000000000033,0.0005637376886530794,-4.338492642053066,0.0,0.0
0.44000000000000034,0.0005708011513084061,-4.348529767903529,0.0,0.0
0.44100000000000034,0.000577922195239513,-4.358567961865023,0.0,0.0
0.44200000000000034,0.0005851011541874228,-4.368607226519831,0.0,0.0
0.44300000000000034,0.0005923383634071997,-4.378647564451302,0.0,0.0
0.44400000000000034,0.0005996341596919234,-4.388688978243849,0.0,0.0
0.44500000000000034,0.0006069888813657014,-4.398731470482959,0.0,0.0
0.44600000000000034,0.0006144028682943825,-4.408775043755189,0.0,0.0
0.44700000000000034,0.0006218764618937663,-4.418819700648173,0.0,0.0
0.44800000000000034,0.0006294100051398294,-4.428865443750622,0.0,0.0
0.44900000000000034,0.0006370038425669916,-4.438912275652328,0.0,0.0
0.45000000000000034,0.0006446583202904376,-4.4489601989441665,0.0,0.0
0.45100000000000035,0.0006523737859948223,-4.459009216218101,0.0,0.0
0.45200000000000035,0.0006601505889584629,-4.469059330067183,0.0,0.0
0.45300000000000035,0.0006679890800521752,-4.479110543085555,0.0,0.0
0.45400000000000035,0.0006758896117458297,-4.489162857868455,0.0,0.0
0.45500000000000035,0.0006838525381224546,-4.49921627701222,0.0,0.0
0.45600000000000035,0.0006918782148811441,-4.509270803114285,0.0,0.0
0.45700000000000035,0.0006999669993443487,-4.519326438773189,0.0,0.0
0.45800000000000035,0.0007081192504679806,-4.529383186588576,0.0,0.0
0.45900000000000035,0.000716335328848012,-4.5394410491612,0.0,0.0
0.46000000000000035,0.0007246155967285054,-4.549500029092925,0.0,0.0
0.46100000000000035,0.0007329604180130587,-4.55956012898673,0.0,0.0
0.46200000000000035,0.0007413701582626379,-4.5696213514467106,0.0,0.0
0.46300000000000036,0.0007498451847144436,-4.579683699078082,0.0,0.0
0.46400000000000036,0.0007583858662867773,-4.589747174487181,0.0,0.0
0.46500000000000036,0.0007669925735821616,-4.599811780281471,0.0,0.0
0.46600000000000036,0.0007756656789030046,-4.609877519069543,0.0,0.0
0.46700000000000036,0.0007844055562538301,-4.619944393461118,0.0,0.0
0.46800000000000036,0.000793212581353875,-4.630012406067052,0.0,0.0
0.46900000000000036,0.0008020871316429915,-4.640081559499336,0.0,0.0
0.47000000000000036,0.0008110295862893833,-4.650151856371101,0.0,0.0
0.47100000000000036,0.0008200403261979907,-4.660223299296621,0.0,0.0
0.47200000000000036,0.00082911973402291,-4.670295890891312,0.0,0.0
0.47300000000000036,0.0008382681941711111,-4.680369633771741,0.0,0.0
0.47400000000000037,0.0008474860928163615,-4.690444530555623,0.0,0.0
0.47500000000000037,0.0008567738178964659,-4.700520583861827,0.0,0.0
0.47600000000000037,0.0008661317591392597,-4.710597796310379,0.0,0.0
0.47700000000000037,0.0008755603080575664,-4.720676170522462,0.0,0.0
0.47800000000000037,0.0008850598579587472,-4.730755709120422,0.0,0.0
0.47900000000000037,0.0008946308039623045,-4.740836414727769,0.0,0.0
0.48000000000000037,0.000904273543003369,-4.7509182899691815,0.0,0.0
0.48100000000000037,0.0009139884738402293,-4.761001337470507,0.0,0.0
0.4820000000000004,0.0009237759970641142,-4.771085559858766,0.0,0.0
0.4830000000000004,0.000933636515111237,-4.781170959762155,0.0,0.0
0.4840000000000004,0.0009435704322694972,-4.791257539810049,0.0,0.0
0.4850000000000004,0.0009535781546862343,-4.801345302633005,0.0,0.0
0.4860000000000004,0.0009636600903802459,-4.811434250862765,0.0,0.0
0.4870000000000004,0.0009738166492504648,-4.821524387132258,0.0,0.0
0.4880000000000004,0.0009840482430842872,-4.831615714075601,0.0,0.0
0.4890000000000004,0.0009943552855677688,-4.841708234328105,0.0,0.0
0.4900000000000004,0.0010047381922966842,-4.851801950526278,0.0,0.0
0.4910000000000004,0.0010151973807798105,-4.861896865307825,0.0,0.0
0.4920000000000004,0.0010257332704573404,-4.871992981311654,0.0,0.0
0.4930000000000004,0.0010363462827034833,-4.882090301177875,0.0,0.0
0.4940000000000004,0.0010470368408415903,-4.892188827547809,0.0,0.0
0.4950000000000004,0.001057805370148074,-4.9022885630639825,0.0,0.0
0.4960000000000004,0.0010686522978682704,-4.912389510370138,0.0,0.0
0.4970000000000004,0.0010795780532204763,-4.922491672111232,0.0,0.0
0.4980000000000004,0.0010905830674117418,-4.9325950509334415,0.0,0.0
0.4990000000000004,0.001101667773644049,-4.9426996494841635,0.0,0.0
0.5000000000000003,0.0011128326071243833,-4.95280547041202,0.0,0.0
0.5010000000000003,0.0011240780050744631,-4.96291251636686,0.0,0.0
0.5020000000000003,0.0011354044067500436,-4.9730207899997625,0.0,0.0
0.5030000000000003,0.0011468122534342028,-4.98313029396304,0.0,0.0
0.5040000000000003,0.0011583019884638516,-4.993241030910241,0.0,0.0
0.5050000000000003,0.001169874057228605,-5.003353003496152,0.0,0.0
0.5060000000000003,0.0011815289071889406,-5.013466214376803,0.0,0.0
0.5070000000000003,0.0011932669878832924,-5.023580666209466,0.0,0.0
0.5080000000000003,0.0012050887509394662,-5.033696361652662,0.0,0.0
0.5090000000000003,0.0012169946500847028,-5.043813303366163,0.0,0.0
0.5100000000000003,0.001228985141155401,-5.053931494010993,0.0,0.0
0.5110000000000003,0.001241060682111382,-5.0640509362494335,0.0,0.0
0.5120000000000003,0.0012532217330467725,-5.074171632745024,0.0,0.0
0.5130000000000003,0.0012654687561948587,-5.084293586162566,0.0,0.0
0.5140000000000003,0.0012778022159433704,-5.094416799168127,0.0,0.0
0.5150000000000003,0.0012902225788518932,-5.1045412744290415,0.0,0.0
0.5160000000000003,0.0013027303136465376,-5.114667014613915,0.0,0.0
0.5170000000000003,0.0013153258912515478,-5.124794022392628,0.0,0.0
0.5180000000000003,0.0013280097847845173,-5.134922300436334,0.0,0.0
0.5190000000000003,0.0013407824695736803,-5.14505185141747,0.0,0.0
0.5200000000000004,0.0013536444231736615,-5.155182678009754,0.0,0.0
0.5210000000000004,0.0013665961253665954,-5.1653147828881885,0.0,0.0
0.5220000000000004,0.001379638058184561,-5.175448168729066,0.0,0.0
0.5230000000000004,0.001392770705916572,-5.185582838209969,0.0,0.0
0.5240000000000004,0.001405994555119109,-5.1957187940097755,0.0,0.0
0.5250000000000004,0.0014193100946283653,-5.205856038808659,0.0,0.0
0.5260000000000004,0.0014327178155766709,-5.215994575288095,0.0,0.0
0.5270000000000004,0.0014462182113981381,-5.2261344061308606,0.0,0.0
0.5280000000000004,0.0014598117778448316,-5.23627553402104,0.0,0.0
0.5290000000000004,0.0014734990129968708,-5.246417961644025,0.0,0.0
0.5300000000000004,0.0014872804172746607,-5.256561691686521,0.0,0.0
0.5310000000000004,0.001501156493457989,-5.2667067268365475,0.0,0.0
0.5320000000000004,0.0015151277466846503,-5.276853069783442,0.0,0.0
0.5330000000000004,0.0015291946844775191,-5.287000723217863,0.0,0.0
0.5340000000000004,0.0015433578167443542,-5.297149689831793,0.0,0.0
0.5350000000000004,0.0015576176558034088,-5.30729997231854,0.0,0.0
0.5360000000000004,0.0015719747163850388,-5.317451573372743,0.0,0.0
0.5370000000000004,0.0015864295156471822,-5.327604495690374,0.0,0.0
0.5380000000000004,0.0016009825731969221,-5.33775874196874,0.0,0.0
0.5390000000000004,0.00161563441109047,-5.347914314906486,0.0,0.0
0.5400000000000004,0.0016303855538546907,-5.358071217203601,0.0,0.0
0.5410000000000004,0.0016452365284957114,-5.368229451561416,0.0,0.0
0.5420000000000004,0.001660187864519608,-5.378389020682612,0.0,0.0
0.5430000000000004,0.0016752400939366368,-5.38854992727122,0.0,0.0
0.5440000000000004,0.0016903937512787845,-5.3987121740326245,0.0,0.0
0.5450000000000004,0.0017056493736132769,-5.408875763673565,0.0,0.0
0.5460000000000004,0.0017210075005590815,-5.419040698902144,0.0,0.0
0.5470000000000004,0.0017364686742952075,-5.429206982427824,0.0,0.0
0.5480000000000004,0.0017520334395738561,-5.439374616961436,0.0,0.0
0.5490000000000004,0.0017677023437436372,-5.449543605215175,0.0,0.0
0.5500000000000004,0.0017834759367533612,-5.459713949902613,0.0,0.0
0.5510000000000004,0.0017993547711708758,-5.469885653738694,0.0,0.0
0.5520000000000004,0.001815339402198886,-5.48005871943974,0.0,0.0
0.5530000000000004,0.001831430387680877,-5.490233149723455,0.0,0.0
0.5540000000000004,0.0018476282881300346,-5.500408947308924,0.0,0.0
0.5550000000000004,0.0018639336667276504,-5.510586114916623,0.0,0.0
0.5560000000000004,0.0018803470893468226,-5.520764655268414,0.0,0.0
0.5570000000000004,0.001896869124571276,-5.530944571087556,0.0,0.0
0.5580000000000004,0.0019135003436933958,-5.541125865098699,0.0,0.0
0.5590000000000004,0.0019302413207511976,-5.551308540027897,0.0,0.0
0.5600000000000004,0.0019470926325263489,-5.5614925986026025,0.0,0.0
0.5610000000000004,0.00196405485856547,-5.5716780435516755,0.0,0.0
0.5620000000000004,0.0019811285811954845,-5.5818648776053825,0.0,0.0
0.5630000000000004,0.0019983143855380266,-5.592053103495402,0.0,0.0
0.5640000000000004,0.002015612859524366,-5.602242723954828,0.0,0.0
0.5650000000000004,0.002033024593913795,-5.61243374171817,0.0,0.0
0.5660000000000004,0.0020505501823052017,-5.622626159521358,0.0,0.0
0.5670000000000004,0.002068190221153356,-5.632819980101748,0.0,0.0
0.5680000000000004,0.0020859453097905635,-5.643015206198118,0.0,0.0
0.5690000000000004,0.0021038160504337194,-5.653211840550681,0.0,0.0
0.5700000000000004,0.0021218030482038582,-5.663409885901079,0.0,0.0
0.5710000000000004,0.0021399069111489918,-5.673609344992392,0.0,0.0
0.5720000000000004,0.0021581282502449407,-5.6838102205691365,0.0,0.0
0.5730000000000004,0.0021764676794299755,-5.694012515377274,0.0,0.0
0.5740000000000004,0.0021949258156083967,-5.7042162321642085,0.0,0.0
0.5750000000000004,0.00221350327867002,-5.714421373678793,0.0,0.0
0.5760000000000004,0.002232200691510423,-5.724627942671334,0.0,0.0
0.5770000000000004,0.0022510186800434916,-5.734835941893588,0.0,0.0
0.5780000000000004,0.0022699578732210523,-5.7450453740987735,0.0,0.0
0.5790000000000004,0.002289018903047547,-5.7552562420415665,0.0,0.0
0.5800000000000004,0.0023082024046009657,-5.7654685484781085,0.0,0.0
0.5810000000000004,0.0023275090160490277,-5.775682296166006,0.0,0.0
0.5820000000000004,0.0023469393786567858,-5.785897487864338,0.0,0.0
0.5830000000000004,0.002366494136824247,-5.796114126333654,0.0,0.0
0.5840000000000004,0.0023861739380823376,-5.806332214335981,0.0,0.0
0.5850000000000004,0.002405979433130367,-5.816551754634826,0.0,0.0
0.5860000000000004,0.0024259112758338998,-5.826772749995177,0.0,0.0
0.5870000000000004,0.0024459701232603676,-5.836995203183508,0.0,0.0
0.5880000000000004,0.002466156635688875,-5.847219116967783,0.0,0.0
0.5890000000000004,0.002486471476629483,-5.8574444941174555,0.0,0.0
0.5900000000000004,0.00250691531283921,-5.867671337403476,0.0,0.0
0.5910000000000004,0.0025274888143428493,-5.877899649598293,0.0,0.0
0.5920000000000004,0.002548192654457555,-5.8881294334758545,0.0,0.0
0.5930000000000004,0.002569027509801334,-5.898360691811615,0.0,0.0
0.5940000000000004,0.002589994060313828,-5.908593427382536,0.0,0.0
0.5950000000000004,0.002611092989283007,-5.91882764296709,0.0,0.0
0.5960000000000004,0.002632324983357466,-5.9290633413452625,0.0,0.0
0.5970000000000004,0.0026536907325665463,-5.939300525298557,0.0,0.0
0.5980000000000004,0.002675190930343808,-5.949539197609997,0.0,0.0
0.5990000000000004,0.002696826273542291,-5.95977936106413,0.0,0.0
0.6000000000000004,0.002718597462449676,-5.970021018447029,0.0,0.0
0.6010000000000004,0.0027405052008259243,-5.980264172546297,0.0,0.0
0.6020000000000004,0.002762550195899185,-5.990508826151072,0.0,0.0
0.6030000000000004,0.00278473315840544,-6.000754982052025,0.0,0.0
0.6040000000000004,0.0028070548026003714,-6.011002643041369,0.0,0.0
0.6050000000000004,0.0028295158462790953,-6.021251811912858,0.0,0.0
0.6060000000000004,0.002852117010798197,-6.031502491461794,0.0,0.0
0.6070000000000004,0.002874859021100939,-6.041754684485024,0.0,0.0
0.6080000000000004,0.0028977426057314026,-6.052008393780951,0.0,0.0
0.6090000000000004,0.0029207684968539393,-6.062263622149531,0.0,0.0
0.6100000000000004,0.002943937430284661,-6.0725203723922805,0.0,0.0
0.6110000000000004,0.002967250145502342,-6.082778647312276,0.0,0.0
0.6120000000000004,0.002990707385679798,-6.09303844971416,0.0,0.0
0.6130000000000004,0.003014309897689657,-6.103299782404144,0.0,0.0
0.6140000000000004,0.0030380584321484014,-6.113562648190009,0.0,0.0
0.6150000000000004,0.003061953743418328,-6.123827049881113,0.0,0.0
0.6160000000000004,0.0030859965896365207,-6.13409299028839,0.0,0.0
0.6170000000000004,0.0031101877327450915,-6.144360472224355,0.0,0.0
0.6180000000000004,0.0031345279384974766,-6.15462949850311,0.0,0.0
0.6190000000000004,0.0031590179765016084,-6.164900071940342,0.0,0.0
0.6200000000000004,0.0031836586202167237,-6.175172195353331,0.0,0.0
0.6210000000000004,0.003208450647005375,-6.185445871560948,0.0,0.0
0.6220000000000004,0.003233394838129017,-6.195721103383666,0.0,0.0
0.6230000000000004,0.0032584919787947185,-6.205997893643555,0.0,0.0
0.6240000000000004,0.0032837428581595544,-6.2162762451642894,0.0,0.0
0.6250000000000004,0.0033091482693683016,-6.226556160771153,0.0,0.0
0.6260000000000004,0.0033347090095657826,-6.236837643291038,0.0,0.0
0.6270000000000004,0.003360425879931873,-6.24712069555245,0.0,0.0
0.6280000000000004,0.0033862996856968003,-6.257405320385514,0.0,0.0
0.6290000000000004,0.0034123312361695117,-6.267691520621973,0.0,0.0
0.6300000000000004,0.0034385213447609736,-6.277979299095195,0.0,0.0
0.6310000000000004,0.0034648708290076413,-6.288268658640173,0.0,0.0
0.6320000000000005,0.0034913805106027945,-6.298559602093532,0.0,0.0
0.6330000000000005,0.0035180512154098374,-6.308852132293532,0.0,0.0
0.6340000000000005,0.0035448837735012474,-6.319146252080064,0.0,0.0
0.6350000000000005,0.0035718790191669467,-6.3294419642946655,0.0,0.0
0.6360000000000005,0.00359903779095738,-6.3397392717805126,0.0,0.0
0.6370000000000005,0.003626360931700393,-6.350038177382431,0.0,0.0
0.6380000000000005,0.003653849288528195,-6.360338683946895,0.0,0.0
0.6390000000000005,0.0036815037128968948,-6.370640794322033,0.0,0.0
0.6400000000000005,0.0037093250606300716,-6.380944511357629,0.0,0.0
0.6410000000000005,0.0037373141919273354,-6.391249837905127,0.0,0.0
0.6420000000000005,0.0037654719714011187,-6.401556776817635,0.0,0.0
0.6430000000000005,0.003793799268097871,-6.4118653309499285,0.0,0.0
0.6440000000000005,0.003822296955531505,-6.422175503158451,0.0,0.0
0.6450000000000005,0.0038509659117039884,-6.4324872963013195,0.0,0.0
0.6460000000000005,0.003879807019137428,-6.442800713238329,0.0,0.0
0.6470000000000005,0.00390882116489916,-6.453115756830953,0.0,0.0
0.6480000000000005,0.003938009240634701,-6.4634324299423485,0.0,0.0
0.6490000000000005,0.003967372142588921,-6.47375073543736,0.0,0.0
0.6500000000000005,0.003996910771633736,-6.484070676182521,0.0,0.0
0.6510000000000005,0.004026626033307041,-6.494392255046058,0.0,0.0
0.6520000000000005,0.004056518837830721,-6.504715474897898,0.0,0.0
0.6530000000000005,0.004086590100143436,-6.515040338609663,0.0,0.0
0.6540000000000005,0.004116840739931202,-6.525366849054681,0.0,0.0
0.6550000000000005,0.004147271681654604,-6.535695009107986,0.0,0.0
0.6560000000000005,0.004177883854583047,-6.5460248216463235,0.0,0.0
0.6570000000000005,0.00420867819281359,-6.556356289548153,0.0,0.0
0.6580000000000005,0.004239655635313801,-6.566689415693648,0.0,0.0
0.6590000000000005,0.004270817125944163,-6.577024202964704,0.0,0.0
0.6600000000000005,0.004302163613494366,-6.587360654244943,0.0,0.0
0.6610000000000005,0.004333696051705251,-6.59769877241971,0.0,0.0
0.6620000000000005,0.004365415399307019,-6.608038560376082,0.0,0.0
0.6630000000000005,0.00439732262005242,-6.618380021002871,0.0,0.0
0.6640000000000005,0.0044294186827390555,-6.628723157190625,0.0,0.0
0.6650000000000005,0.004461704561250107,-6.6390679718316346,0.0,0.0
0.6660000000000005,0.0044941812345799205,-6.649414467819933,0.0,0.0
0.6670000000000005,0.0045268496868682605,-6.659762648051303,0.0,0.0
0.6680000000000005,0.0045597109074391046,-6.670112515423276,0.0,0.0
0.6690000000000005,0.004592765890820512,-6.680464072835139,0.0,0.0
0.6700000000000005,0.004626015636787976,-6.690817323187938,0.0,0.0
0.6710000000000005,0.004659461150391665,-6.701172269384478,0.0,0.0
0.6720000000000005,0.004693103441998278,-6.711528914329332,0.0,0.0
0.6730000000000005,0.004726943527311882,-6.721887260928838,0.0,0.0
0.6740000000000005,0.004760982427415823,-6.7322473120911095,0.0,0.0
0.6750000000000005,0.004795221168810395,-6.742609070726031,0.0,0.0
0.6760000000000005,0.004829660783439766,-6.752972539745269,0.0,0.0
0.6770000000000005,0.004864302308729369,-6.76333772206227,0.0,0.0
0.6780000000000005,0.004899146787617998,-6.773704620592268,0.0,0.0
0.6790000000000005,0.004934195268605304,-6.784073238252284,0.0,0.0
0.6800000000000005,0.0049694488057714795,-6.794443577961133,0.0,0.0
0.6810000000000005,0.005004908458820969,-6.804815642639426,0.0,0.0
0.6820000000000005,0.005040575293117487,-6.815189435209572,0.0,0.0
0.6830000000000005,0.005076450379722509,-6.825564958595785,0.0,0.0
0.6840000000000005,0.005112534795429137,-6.835942215724084,0.0,0.0
0.6850000000000005,0.005148829622795201,-6.846321209522299,0.0,0.0
0.6860000000000005,0.005185335950193484,-6.856701942920072,0.0,0.0
0.6870000000000005,0.0052220548718338484,-6.867084418848864,0.0,0.0
0.6880000000000005,0.0052589874878101565,-6.877468640241955,0.0,0.0
0.6890000000000005,0.005296134904140166,-6.8878546100344495,0.0,0.0
0.6900000000000005,0.005333498232795393,-6.89824233116328,0.0,0.0
0.6910000000000005,0.00537107859174436,-6.908631806567208,0.0,0.0
0.6920000000000005,0.005408877104995798,-6.919023039186833,0.0,0.0
0.6930000000000005,0.005446894902631378,-6.929416031964588,0.0,0.0
0.6940000000000005,0.0054851331208456144,-6.939810787844753,0.0,0.0
0.6950000000000005,0.005523592901992325,-6.9502073097734485,0.0,0.0
0.6960000000000005,0.0055622753946181535,-6.9606056006986465,0.0,0.0
0.6970000000000005,0.005601181753510018,-6.97100566357017,0.0,0.0
0.6980000000000005,0.005640313139724867,-6.981407501339699,0.0,0.0
0.6990000000000005,0.005679670720644369,-6.991811116960771,0.0,0.0
0.7000000000000005,0.005719255670004727,-7.002216513388788,0.0,0.0
0.7010000000000005,0.005759069167946492,-7.012623693581018,0.0,0.0
0.7020000000000005,0.005799112401053364,-7.0230326604965985,0.0,0.0
0.7030000000000005,0.005839386562398055,-7.0334434170965405,0.0,0.0
0.7040000000000005,0.005879892851577,-7.043855966343734,0.0,0.0
0.7050000000000005,0.005920632474762239,-7.054270311202948,0.0,0.0
0.7060000000000005,0.00596160664474577,-7.064686454640836,0.0,0.0
0.7070000000000005,0.006002816580973062,-7.07510439962594,0.0,0.0
0.7080000000000005,0.006044263509598461,-7.085524149128694,0.0,0.0
0.7090000000000005,0.0060859486635225415,-7.095945706121426,0.0,0.0
0.7100000000000005,0.0061278732824403175,-7.106369073578363,0.0,0.0
0.7110000000000005,0.006170038612890522,-7.116794254475634,0.0,0.0
0.7120000000000005,0.006212445908292515,-7.127221251791275,0.0,0.0
0.7130000000000005,0.006255096428996988,-7.137650068505232,0.0,0.0
0.7140000000000005,0.006297991442334138,-7.148080707599362,0.0,0.0
0.7150000000000005,0.006341132222657296,-7.158513172057441,0.0,0.0
0.7160000000000005,0.006384520051395601,-7.168947464865164,0.0,0.0
0.7170000000000005,0.006428156217093469,-7.1793835890101505,0.0,0.0
0.7180000000000005,0.00647204201546274,-7.189821547481948,0.0,0.0
0.7190000000000005,0.006516178749433249,-7.200261343272035,0.0,0.0
0.7200000000000005,0.006560567729200144,-7.210702979373825,0.0,0.0
0.7210000000000005,0.006605210272269938,-7.221146458782671,0.0,0.0
0.7220000000000005,0.006650107703514757,-7.2315917844958655,0.0,0.0
0.7230000000000005,0.006695261355218484,-7.242038959512651,0.0,0.0
0.7240000000000005,0.006740672567131124,-7.2524879868342165,0.0,0.0
0.7250000000000005,0.006786342686517901,-7.2629388694637065,0.0,0.0
0.7260000000000005,0.006832273068204983,-7.273391610406221,0.0,0.0
0.7270000000000005,0.006878465074639001,-7.28384621266882,0.0,0.0
0.7280000000000005,0.006924920075941093,-7.29430267926053,0.0,0.0
0.7290000000000005,0.006971639449950466,-7.304761013192344,0.0,0.0
0.7300000000000005,0.007018624582276776,-7.3152212174772275,0.0,0.0
0.7310000000000005,0.007065876866370576,-7.32568329513012,0.0,0.0
0.7320000000000005,0.007113397703552941,-7.336147249167942,0.0,0.0
0.7330000000000005,0.007161188503087271,-7.346613082609595,0.0,0.0
0.7340000000000005,0.007209250682230399,-7.357080798475969,0.0,0.0
0.7350000000000005,0.007257585666279705,-7.367550399789941,0.0,0.0
0.7360000000000005,0.007306194888642176,-7.378021889576386,0.0,0.0
0.7370000000000005,0.0073550797908786296,-7.388495270862174,0.0,0.0
0.7380000000000005,0.007404241822765348,-7.398970546676177,0.0,0.0
0.7390000000000005,0.007453682442350942,-7.409447720049271,0.0,0.0
0.7400000000000005,0.007503403116017168,-7.419926794014343,0.0,0.0
0.7410000000000005,0.007553405318528117,-7.430407771606293,0.0,0.0
0.7420000000000005,0.007603690533099797,-7.4408906558620345,0.0,0.0
0.7430000000000005,0.007654260251446564,-7.451375449820502,0.0,0.0
0.7440000000000005,0.007705115973855081,-7.461862156522656,0.0,0.0
0.7450000000000006,0.007756259209229923,-7.4723507790114825,0.0,0.0
0.7460000000000006,0.007807691475168575,-7.482841320331999,0.0,0.0
0.7470000000000006,0.007859414298007902,-7.493333783531258,0.0,0.0
0.7480000000000006,0.007911429212893315,-7.503828171658353,0.0,0.0
0.7490000000000006,0.00796373776384292,-7.5143244877644175,0.0,0.0
0.7500000000000006,0.008016341503809555,-7.524822734902633,0.0,0.0
0.7510000000000006,0.008069241994735825,-7.535322916128232,0.0,0.0
0.7520000000000006,0.008122440807626027,-7.545825034498498,0.0,0.0
0.7530000000000006,0.008175939522605896,-7.556329093072776,0.0,0.0
0.7540000000000006,0.00822973972899747,-7.56683509491247,0.0,0.0
0.7550000000000006,0.008283843025366945,-7.5773430430810516,0.0,0.0
0.7560000000000006,0.008338251019603076,-7.58785294064406,0.0,0.0
0.7570000000000006,0.008392965328980838,-7.598364790669109,0.0,0.0
0.7580000000000006,0.008447987580228593,-7.608878596225887,0.0,0.0
0.7590000000000006,0.008503319409595454,-7.619394360386165,0.0,0.0
0.7600000000000006,0.008558962462915676,-7.629912086223799,0.0,0.0
0.7610000000000006,0.008614918395685393,-7.640431776814732,0.0,0.0
0.7620000000000006,0.00867118887312599,-7.650953435237,0.0,0.0
0.7630000000000006,0.008727775570251377,-7.661477064570735,0.0,0.0
0.7640000000000006,0.00878468017195009,-7.672002667898169,0.0,0.0
0.7650000000000006,0.008841904373040652,-7.682530248303638,0.0,0.0
0.7660000000000006,0.008899449878358735,-7.693059808873585,0.0,0.0
0.7670000000000006,0.008957318402819265,-7.703591352696566,0.0,0.0
0.7680000000000006,0.009015511671492804,-7.71412488286325,0.0,0.0
0.7690000000000006,0.009074031419679747,-7.724660402466428,0.0,0.0
0.7700000000000006,0.009132879392980462,-7.735197914601013,0.0,0.0
0.7710000000000006,0.009192057347381648,-7.745737422364044,0.0,0.0
0.7720000000000006,0.00925156704931704,-7.756278928854693,0.0,0.0
0.7730000000000006,0.009311410275752495,-7.766822437174264,0.0,0.0
0.7740000000000006,0.009371588814263717,-7.777367950426204,0.0,0.0
0.7750000000000006,0.009432104463107735,-7.787915471716099,0.0,0.0
0.7760000000000006,0.009492959031307806,-7.798465004151683,0.0,0.0
0.7770000000000006,0.009554154338728372,-7.8090165508428395,0.0,0.0
0.7780000000000006,0.009615692216156524,-7.819570114901609,0.0,0.0
0.7790000000000006,0.009677574505377965,-7.830125699442187,0.0,0.0
0.7800000000000006,0.009739803059270117,-7.840683307580933,0.0,0.0
0.7810000000000006,0.00980237974186668,-7.8512429424363726,0.0,0.0
0.7820000000000006,0.009865306428453314,-7.861804607129201,0.0,0.0
0.7830000000000006,0.009928585005652489,-7.87236830478229,0.0,0.0
0.7840000000000006,0.0099922173714932,-7.882934038520685,0.0,0.0
0.7850000000000006,0.01005620543550816,-7.893501811471617,0.0,0.0
0.7860000000000006,0.01012055111881476,-7.904071626764501,0.0,0.0
0.7870000000000006,0.010185256354207578,-7.9146434875309435,0.0,0.0
0.7880000000000006,0.010250323086234843,-7.925217396904744,0.0,0.0
0.7890000000000006,0.010315753271292487,-7.9357933580219,0.0,0.0
0.7900000000000006,0.010381548877713235,-7.946371374020609,0.0,0.0
0.7910000000000006,0.010447711885856728,-7.956951448041279,0.0,0.0
0.7920000000000006,0.010514244288195947,-7.9675335832265235,0.0,0.0
0.7930000000000006,0.010581148089412604,-7.978117782721172,0.0,0.0
0.7940000000000006,0.010648425306482155,-7.98870404967227,0.0,0.0
0.7950000000000006,0.010716077968776055,-7.9992923872290875,0.0,0.0
0.7960000000000006,0.010784108118151094,-8.009882798543119,0.0,0.0
0.7970000000000006,0.010852517809040065,-8.020475286768088,0.0,0.0
0.7980000000000006,0.010921309108554331,-8.031069855059952,0.0,0.0
0.7990000000000006,0.010990484096571907,-8.04166650657691,0.0,0.0
0.8000000000000006,0.011060044865842915,-8.052265244479397,0.0,0.0
0.8010000000000006,0.011129993522082493,-8.062866071930099,0.0,0.0
0.8020000000000006,0.01120033218406634,-8.073468992093948,0.0,0.0
0.8030000000000006,0.011271062983741054,-8.084074008138135,0.0,0.0
0.8040000000000006,0.011342188066312342,-8.094681123232105,0.0,0.0
0.8050000000000006,0.011413709590359531,-8.105290340547569,0.0,0.0
0.8060000000000006,0.011485629727927136,-8.1159016632585,0.0,0.0
0.8070000000000006,0.011557950664631542,-8.126515094541144,0.0,0.0
0.8080000000000006,0.011630674599770475,-8.137130637574021,0.0,0.0
0.8090000000000006,0.0117038037464206,-8.14774829553793,0.0,0.0
0.8100000000000006,0.011777340331549174,-8.158368071615952,0.0,0.0
0.8110000000000006,0.011851286596119137,-8.168989968993452,0.0,0.0
0.8120000000000006,0.011925644795202129,-8.179613990858092,0.0,0.0
0.8130000000000006,0.012000417198077585,-8.190240140399826,0.0,0.0
0.8140000000000006,0.012075606088356818,-8.200868420810904,0.0,0.0
0.8150000000000006,0.012151213764083122,-8.211498835285884,0.0,0.0
0.8160000000000006,0.012227242537845413,-8.222131387021626,0.0,0.0
0.8170000000000006,0.0123036947369007,-8.232766079217308,0.0,0.0
0.8180000000000006,0.012380572703280046,-8.243402915074418,0.0,0.0
0.8190000000000006,0.012457878793910722,-8.254041897796766,0.0,0.0
0.8200000000000006,0.012535615380720025,-8.264683030590485,0.0,0.0
0.8210000000000006,0.012613784850772755,-8.275326316664037,0.0,0.0
0.8220000000000006,0.01269238960637307,-8.285971759228216,0.0,0.0
0.8230000000000006,0.012771432065192786,-8.296619361496152,0.0,0.0
0.8240000000000006,0.01285091466039343,-8.307269126683314,0.0,0.0
0.8250000000000006,0.012930839840745138,-8.317921058007517,0.0,0.0
0.8260000000000006,0.013011210070751001,-8.328575158688926,0.0,0.0
0.8270000000000006,0.013092027830771161,-8.339231431950056,0.0,0.0
0.8280000000000006,0.01317329561715386,-8.349889881015782,0.0,0.0
0.8290000000000006,0.01325501594235355,-8.36055050911334,0.0,0.0
0.8300000000000006,0.013337191335070255,-8.371213319472329,0.0,0.0
0.8310000000000006,0.013419824340365524,-8.38187831532472,0.0,0.0
0.8320000000000006,0.013502917519807303,-8.392545499904857,0.0,0.0
0.8330000000000006,0.013586473451592706,-8.403214876449464,0.0,0.0
0.8340000000000006,0.01367049473068638,-8.413886448197646,0.0,0.0
0.8350000000000006,0.013754983968951716,-8.424560218390894,0.0,0.0
0.8360000000000006,0.013839943795288261,-8.435236190273093,0.0,0.0
0.8370000000000006,0.013925376855770435,-8.445914367090518,0.0,0.0
0.8380000000000006,0.014011285813781221,-8.456594752091847,0.0,0.0
0.8390000000000006,0.014097673350160591,-8.46727734852816,0.0,0.0
0.8400000000000006,0.014184542163335397,-8.477962159652947,0.0,0.0
0.8410000000000006,0.014271894969473196,-8.488649188722109,0.0,0.0
0.8420000000000006,0.014359734502620743,-8.499338438993961,0.0,0.0
0.8430000000000006,0.014448063514849865,-8.510029913729243,0.0,0.0
0.8440000000000006,0.014536884776404089,-8.520723616191116,0.0,0.0
0.8450000000000006,0.014626201075846843,-8.531419549645173,0.0,0.0
0.8460000000000006,0.014716015220217402,-8.54211771735944,0.0,0.0
0.8470000000000006,0.014806330035165034,-8.552818122604382,0.0,0.0
0.8480000000000006,0.014897148365128917,-8.563520768652902,0.0,0.0
0.8490000000000006,0.014988473073463895,-8.574225658780353,0.0,0.0
0.8500000000000006,0.015080307042619171,-8.584932796264537,0.0,0.0
0.8510000000000006,0.01517265317427739,-8.595642184385714,0.0,0.0
0.8520000000000006,0.015265514389529658,-8.606353826426599,0.0,0.0
0.8530000000000006,0.015358893629022681,-8.617067725672372,0.0,0.0
0.8540000000000006,0.015452793853131482,-8.627783885410686,0.0,0.0
0.8550000000000006,0.015547218042112412,-8.63850230893166,0.0,0.0
0.8560000000000006,0.015642169196276427,-8.649222999527892,0.0,0.0
0.8570000000000007,0.01573765033615903,-8.659945960494461,0.0,0.0
0.8580000000000007,0.015833664502675114,-8.670671195128936,0.0,0.0
0.8590000000000007,0.015930214757305806,-8.681398706731368,0.0,0.0
0.8600000000000007,0.016027304182257347,-8.692128498604307,0.0,0.0
0.8610000000000007,0.01612493588064179,-8.702860574052801,0.0,0.0
0.8620000000000007,0.016223112976651157,-8.713594936384402,0.0,0.0
0.8630000000000007,0.016321838615734337,-8.724331588909164,0.0,0.0
0.8640000000000007,0.016421115964776013,-8.735070534939661,0.0,0.0
0.8650000000000007,0.016520948212277443,-8.745811777790978,0.0,0.0
0.8660000000000007,0.016621338568545484,-8.756555320780722,0.0,0.0
0.8670000000000007,0.01672229026585981,-8.767301167229023,0.0,0.0
0.8680000000000007,0.01682380655868224,-8.778049320458546,0.0,0.0
0.8690000000000007,0.016925890723830467,-8.788799783794483,0.0,0.0
0.8700000000000007,0.017028546060664364,-8.799552560564567,0.0,0.0
0.8710000000000007,0.017131775891298148,-8.810307654099077,0.0,0.0
0.8720000000000007,0.017235583560774814,-8.821065067730835,0.0,0.0
0.8730000000000007,0.01733997243726936,-8.831824804795216,0.0,0.0
0.8740000000000007,0.017444945912289893,-8.842586868630153,0.0,0.0
0.8750000000000007,0.017550507400872967,-8.853351262576137,0.0,0.0
0.8760000000000007,0.0176566603417935,-8.864117989976224,0.0,0.0
0.8770000000000007,0.01776340819775636,-8.87488705417604,0.0,0.0
0.8780000000000007,0.017870754455621616,-8.885658458523789,0.0,0.0
0.8790000000000007,0.017978702626588666,-8.896432206370248,0.0,0.0
0.8800000000000007,0.018087256246431687,-8.90720830106878,0.0,0.0
0.8810000000000007,0.01819641887569685,-8.917986745975332,0.0,0.0
0.8820000000000007,0.018306194099925264,-8.92876754444845,0.0,0.0
0.8830000000000007,0.018416585529865328,-8.939550699849269,0.0,0.0
0.8840000000000007,0.01852759680169786,-8.95033621554153,0.0,0.0
0.8850000000000007,0.01863923157725318,-8.961124094891577,0.0,0.0
0.8860000000000007,0.01875149354423819,-8.971914341268366,0.0,0.0
0.8870000000000007,0.01886438641646573,-8.982706958043467,0.0,0.0
0.8880000000000007,0.01897791393407591,-8.993501948591069,0.0,0.0
0.8890000000000007,0.019092079863778096,-9.004299316287986,0.0,0.0
0.8900000000000007,0.019206887999077854,-9.015099064513658,0.0,0.0
0.8910000000000007,0.019322342160512887,-9.025901196650159,0.0,0.0
0.8920000000000007,0.01943844619589761,-9.036705716082201,0.0,0.0
0.8930000000000007,0.019555203980562066,-9.04751262619714,0.0,0.0
0.8940000000000007,0.01967261941759412,-9.058321930384974,0.0,0.0
0.8950000000000007,0.01979069643809063,-9.069133632038357,0.0,0.0
0.8960000000000007,0.019909439001399198,-9.079947734552595,0.0,0.0
0.8970000000000007,0.020028851095384596,-9.090764241325658,0.0,0.0
0.8980000000000007,0.020148936736666102,-9.101583155758178,0.0,0.0
0.8990000000000007,0.02026969997088395,-9.112404481253456,0.0,0.0
0.9000000000000007,0.020391144872962782,-9.123228221217474,0.0,0.0
0.9010000000000007,0.02051327554737078,-9.134054379058885,0.0,0.0
0.9020000000000007,0.02063609612838749,-9.14488295818903,0.0,0.0
0.9030000000000007,0.020759610780362748,-9.155713962021936,0.0,0.0
0.9040000000000007,0.02088382369800618,-9.166547393974326,0.0,0.0
0.9050000000000007,0.021008739106647453,-9.17738325746562,0.0,0.0
0.9060000000000007,0.02113436126252286,-9.188221555917936,0.0,0.0
0.9070000000000007,0.02126069445305299,-9.199062292756103,0.0,0.0
0.9080000000000007,0.021387742997121102,-9.209905471407662,0.0,0.0
0.9090000000000007,0.021515511245368147,-9.220751095302868,0.0,0.0
0.9100000000000007,0.02164400358047824,-9.231599167874696,0.0,0.0
0.9110000000000007,0.02177322441747649,-9.242449692558852,0.0,0.0
0.9120000000000007,0.02190317820401995,-9.253302672793765,0.0,0.0
0.9130000000000007,0.02203386942070094,-9.264158112020606,0.0,0.0
0.9140000000000007,0.022165302581347197,-9.275016013683281,0.0,0.0
0.9150000000000007,0.022297482233333013,-9.285876381228444,0.0,0.0
0.9160000000000007,0.0224304129578819,-9.296739218105495,0.0,0.0
0.9170000000000007,0.022564099370387364,-9.30760452776659,0.0,0.0
0.9180000000000007,0.022698546120727418,-9.318472313666646,0.0,0.0
0.9190000000000007,0.022833757893578988,-9.329342579263338,0.0,0.0
0.9200000000000007,0.022969739408750148,-9.340215328017113,0.0,0.0
0.9210000000000007,0.02310649542150511,-9.35109056339119,0.0,0.0
0.9220000000000007,0.023244030722895145,-9.36196828885157,0.0,0.0
0.9230000000000007,0.0233823501400852,-9.372848507867028,0.0,0.0
0.9240000000000007,0.02352145853670639,-9.383731223909132,0.0,0.0
0.9250000000000007,0.023661360813190344,-9.394616440452243,0.0,0.0
0.9260000000000007,0.02380206190712092,-9.405504160973518,0.0,0.0
0.9270000000000007,0.02394356679357331,-9.416394388952913,0.0,0.0
0.9280000000000007,0.024085880485479414,-9.427287127873194,0.0,0.0
0.9290000000000007,0.02422900803398349,-9.438182381219939,0.0,0.0
0.9300000000000007,0.02437295452880459,-9.449080152481537,0.0,0.0
0.9310000000000007,0.02451772509859652,-9.459980445149206,0.0,0.0
0.9320000000000007,0.024663324911328378,-9.470883262716983,0.0,0.0
0.9330000000000007,0.024809759174649355,-9.48178860868174,0.0,0.0
0.9340000000000007,0.02495703313628368,-9.492696486543181,0.0,0.0
0.9350000000000007,0.025105152084387187,-9.503606899803856,0.0,0.0
0.9360000000000007,0.025254121347967444,-9.514519851969155,0.0,0.0
0.9370000000000007,0.025403946297253233,-9.52543534654732,0.0,0.0
0.9380000000000007,0.025554632344099965,-9.53635338704945,0.0,0.0
0.9390000000000007,0.02570618494238811,-9.547273976989503,0.0,0.0
0.9400000000000007,0.025858609588432814,-9.558197119884301,0.0,0.0
0.9410000000000007,0.026011911821394576,-9.569122819253538,0.0,0.0
0.9420000000000007,0.0261660972236949,-9.58005107861978,0.0,0.0
0.9430000000000007,0.02632117142142542,-9.590981901508474,0.0,0.0
0.9440000000000007,0.026477140084796406,-9.601915291447954,0.0,0.0
0.9450000000000007,0.02663400892854979,-9.61285125196944,0.0,0.0
0.9460000000000007,0.026791783712394844,-9.623789786607048,0.0,0.0
0.9470000000000007,0.026950470241458146,-9.634730898897795,0.0,0.0
0.9480000000000007,0.027110074366719115,-9.645674592381598,0.0,0.0
0.9490000000000007,0.027270601985477316,-9.656620870601289,0.0,0.0
0.9500000000000007,0.0274320590417841,-9.66756973710261,0.0,0.0
0.9510000000000007,0.02759445152692612,-9.678521195434227,0.0,0.0
0.9520000000000007,0.027757785479886637,-9.689475249147725,0.0,0.0
0.9530000000000007,0.02792206698780803,-9.700431901797621,0.0,0.0
0.9540000000000007,0.02808730218648458,-9.71139115694137,0.0,0.0
0.9550000000000007,0.02825349726084188,-9.722353018139357,0.0,0.0
0.9560000000000007,0.0284206584454212,-9.73331748895492,0.0,0.0
0.9570000000000007,0.028588792024882376,-9.744284572954346,0.0,0.0
0.9580000000000007,0.028757904334504314,-9.75525427370687,0.0,0.0
0.9590000000000007,0.028928001760690793,-9.766226594784692,0.0,0.0
0.9600000000000007,0.029099090741484077,-9.777201539762975,0.0,0.0
0.9610000000000007,0.029271177767085644,-9.788179112219852,0.0,0.0
0.9620000000000007,0.0294442693803907,-9.79915931573643,0.0,0.0
0.9630000000000007,0.029618372177501767,-9.810142153896797,0.0,0.0
0.9640000000000007,0.029793492808290002,-9.821127630288023,0.0,0.0
0.9650000000000007,0.02996963797693119,-9.83211574850017,0.0,0.0
0.9660000000000007,0.030146814442451063,-9.843106512126296,0.0,0.0
0.9670000000000007,0.030325029019297407,-9.854099924762457,0.0,0.0
0.9680000000000007,0.03050428857790295,-9.865095990007715,0.0,0.0
0.9690000000000007,0.03068460004525253,-9.876094711464143,0.0,0.0
0.9700000000000008,0.030865970405467028,-9.887096092736828,0.0,0.0
0.9710000000000008,0.031048406700396033,-9.898100137433879,0.0,0.0
0.9720000000000008,0.031231916030207422,-9.90910684916643,0.0,0.0
0.9730000000000008,0.031416505553982205,-9.920116231548645,0.0,0.0
0.9740000000000008,0.03160218249034305,-9.931128288197726,0.0,0.0
0.9750000000000008,0.03178895411804728,-9.942143022733916,0.0,0.0
0.9760000000000008,0.031976827776635464,-9.9531604387805,0.0,0.0
0.9770000000000008,0.03216581086704633,-9.964180539963822,0.0,0.0
0.9780000000000008,0.03235591085226879,-9.975203329913276,0.0,0.0
0.9790000000000008,0.032547135257982134,-9.986228812261322,0.0,0.0
0.9800000000000008,0.03273949167321211,-9.997256990643484,0.0,0.0
0.9810000000000008,0.03293298775101194,-10.008287868698362,0.0,0.0
0.9820000000000008,0.03312763120911357,-10.01932145006763,0.0,0.0
0.9830000000000008,0.03332342983061918,-10.030357738396049,0.0,0.0
0.9840000000000008,0.03352039146470055,-10.04139673733146,0.0,0.0
0.9850000000000008,0.033718524027283765,-10.052438450524807,0.0,0.0
0.9860000000000008,0.033917835501766365,-10.063482881630126,0.0,0.0
0.9870000000000008,0.034118333939730655,-10.074530034304559,0.0,0.0
0.9880000000000008,0.034320027461668554,-10.085579912208356,0.0,0.0
0.9890000000000008,0.034522924257728474,-10.096632519004883,0.0,0.0
0.9900000000000008,0.03472703258844248,-10.107687858360626,0.0,0.0
0.9910000000000008,0.03493236078549669,-10.11874593394519,0.0,0.0
0.9920000000000008,0.03513891725248909,-10.129806749431317,0.0,0.0
0.9930000000000008,0.0353467104657073,-10.140870308494883,0.0,0.0
0.9940000000000008,0.0355557489749008,-10.1519366148149,0.0,0.0
0.9950000000000008,0.03576604140409343,-10.163005672073533,0.0,0.0
0.9960000000000008,0.03597759645237713,-10.174077483956093,0.0,0.0
0.9970000000000008,0.036190422894731726,-10.18515205415105,0.0,0.0
0.9980000000000008,0.036404529582843494,-10.196229386350035,0.0,0.0
0.9990000000000008,0.03661992544595991,-10.20730948424785,0.0,0.0
1.0000000000000007,0.036836619491708474,-10.218392351542462,0.0,0.0
1.0010000000000006,0.03705462080698907,-10.229477991935026,0.0,0.0
1.0020000000000004,0.03727393855881467,-10.240566409129872,0.0,0.0
1.0030000000000003,0.03749458199521159,-10.251657606834526,0.0,0.0
1.0040000000000002,0.037716560446108216,-10.2627515887597,0.0,0.0
1.0050000000000001,0.03793988332424217,-10.273848358619315,0.0,0.0
1.006,0.03816456012606837,-10.28494792013049,0.0,0.0
1.007,0.038390600432698575,-10.296050277013558,0.0,0.0
1.0079999999999998,0.038618013910836746,-10.307155432992067,0.0,0.0
1.0089999999999997,0.038846810313746614,-10.318263391792785,0.0,0.0
1.0099999999999996,0.03907699948219946,-10.32937415714571,0.0,0.0
1.0109999999999995,0.039308591345464286,-10.34048773278407,0.0,0.0
1.0119999999999993,0.03954159592230852,-10.35160412244433,0.0,0.0
1.0129999999999992,0.03977602332199395,-10.362723329866201,0.0,0.0
1.0139999999999991,0.04001188374530212,-10.37384535879264,0.0,0.0
1.014999999999999,0.04024918748556469,-10.38497021296986,0.0,0.0
1.015999999999999,0.040487944929721714,-10.396097896147332,0.0,0.0
1.0169999999999988,0.04072816655937239,-10.407228412077794,0.0,0.0
1.0179999999999987,0.04096986295185719,-10.418361764517254,0.0,0.0
1.0189999999999986,0.04121304478135843,-10.429497957224994,0.0,0.0
1.0199999999999985,0.04145772281998949,-10.440636993963581,0.0,0.0
1.0209999999999984,0.04170390793893805,-10.451778878498867,0.0,0.0
1.0219999999999982,0.041951611109585826,-10.4629236146,0.0,0.0
1.0229999999999981,0.04220084340467049,-10.47407120603942,0.0,0.0
1.023999999999998,0.04245161599945022,-10.485221656592879,0.0,0.0
1.024999999999998,0.042703940172903514,-10.496374970039431,0.0,0.0
1.0259999999999978,0.04295782730891154,-10.50753115016145,0.0,0.0
1.0269999999999977,0.043213288897486074,-10.518690200744627,0.0,0.0
1.0279999999999976,0.04347033653601339,-10.529852125577984,0.0,0.0
1.0289999999999975,0.04372898193048961,-10.54101692845387,0.0,0.0
1.0299999999999974,0.043989236896812736,-10.552184613167972,0.0,0.0
1.0309999999999973,0.04425111336204687,-10.563355183519324,0.0,0.0
1.0319999999999971,0.04451462336575731,-10.574528643310305,0.0,0.0
1.032999999999997,0.044779779061311344,-10.585704996346651,0.0,0.0
1.033999999999997,0.04504659271723191,-10.596884246437455,0.0,0.0
1.0349999999999968,0.04531507671856329,-10.608066397395177,0.0,0.0
1.0359999999999967,0.045585243568258015,-10.619251453035648,0.0,0.0
1.0369999999999966,0.04585710588856016,-10.630439417178078,0.0,0.0
1.0379999999999965,0.04613067642245179,-10.641630293645056,0.0,0.0
1.0389999999999964,0.04640596803507479,-10.652824086262562,0.0,0.0
1.0399999999999963,0.046682993715215136,-10.66402079885997,0.0,0.0
1.0409999999999962,0.04696176657676689,-10.67522043527005,0.0,0.0
1.041999999999996,0.047242299860253266,-10.686422999328986,0.0,0.0
1.042999999999996,0.04752460693434214,-10.697628494876364,0.0,0.0
1.0439999999999958,0.04780870129741872,-10.70883692575519,0.0,0.0
1.0449999999999957,0.048094596579123246,-10.720048295811894,0.0,0.0
1.0459999999999956,0.04838230654198029,-10.731262608896335,0.0,0.0
1.0469999999999955,0.04867184508299813,-10.742479868861803,0.0,0.0
1.0479999999999954,0.04896322623532088,-10.753700079565032,0.0,0.0
1.0489999999999953,0.049256464169879124,-10.764923244866198,0.0,0.0
1.0499999999999952,0.04955157319711129,-10.776149368628928,0.0,0.0
1.050999999999995,0.04984856776864866,-10.787378454720312,0.0,0.0
1.051999999999995,0.050147462479072945,-10.798610507010897,0.0,0.0
1.0529999999999948,0.0504482720676878,-10.809845529374703,0.0,0.0
1.0539999999999947,0.05075101142029108,-10.821083525689223,0.0,0.0
1.0549999999999946,0.05105569557103209,-10.83232449983543,0.0,0.0
1.0559999999999945,0.05136233970421504,-10.843568455697785,0.0,0.0
1.0569999999999944,0.051670959156215494,-10.85481539716424,0.0,0.0
1.0579999999999943,0.051981569417356495,-10.866065328126245,0.0,0.0
1.0589999999999942,0.05229418613384851,-10.877318252478755,0.0,0.0
1.059999999999994,0.052608825109757555,-10.888574174120235,0.0,0.0
1.060999999999994,0.0529255023089921,-10.899833096952666,0.0,0.0
1.0619999999999938,0.05324423385731506,-10.911095024881549,0.0,0.0
1.0629999999999937,0.05356503604441695,-10.922359961815912,0.0,0.0
1.0639999999999936,0.05388792532598089,-10.933627911668323,0.0,0.0
1.0649999999999935,0.05421291832579888,-10.94489887835488,0.0,0.0
1.0659999999999934,0.054540031837930214,-10.956172865795233,0.0,0.0
1.0669999999999933,0.05486928282887758,-10.967449877912582,0.0,0.0
1.0679999999999932,0.055200688439798806,-10.978729918633682,0.0,0.0
1.068999999999993,0.05553426598875869,-10.990012991888854,0.0,0.0
1.069999999999993,0.05587003297300234,-11.001299101611988,0.0,0.0
1.0709999999999928,0.05620800707129806,-11.012588251740546,0.0,0.0
1.0719999999999927,0.05654820614626406,-11.023880446215575,0.0,0.0
1.0729999999999926,0.05689064824677453,-11.035175688981708,0.0,0.0
1.0739999999999925,0.05723535161038934,-11.04647398398717,0.0,0.0
1.0749999999999924,0.05758233466582028,-11.057775335183786,0.0,0.0
1.0759999999999923,0.05793161603543046,-11.069079746526988,0.0,0.0
1.0769999999999922,0.05828321453779057,-11.080387221975817,0.0,0.0
1.077999999999992,0.058637149190254485,-11.091697765492931,0.0,0.0
1.078999999999992,0.05899343921159564,-11.103011381044613,0.0,0.0
1.0799999999999919,0.05935210402466613,-11.114328072600776,0.0,0.0
1.0809999999999917,0.05971316325911441,-11.125647844134967,0.0,0.0
1.0819999999999916,0.060076636754136034,-11.136970699624376,0.0,0.0
1.0829999999999915,0.06044254456128061,-11.14829664304984,0.0,0.0
1.0839999999999914,0.06081090694727533,-11.159625678395846,0.0,0.0
1.0849999999999913,0.06118174439694508,-11.170957809650549,0.0,0.0
1.0859999999999912,0.06155507761611529,-11.182293040805765,0.0,0.0
1.086999999999991,0.06193092753462416,-11.193631375856983,0.0,0.0
1.087999999999991,0.06230931530932624,-11.20497281880337,0.0,0.0
1.0889999999999909,0.06269026232721055,-11.21631737364778,0.0,0.0
1.0899999999999908,0.06307379020849109,-11.227665044396753,0.0,0.0
1.0909999999999906,0.06345992080982027,-11.239015835060531,0.0,0.0
1.0919999999999905,0.06384867622751277,-11.250369749653055,0.0,0.0
1.0929999999999904,0.06424007880083851,-11.261726792191977,0.0,0.0
1.0939999999999903,0.06463415111535287,-11.273086966698667,0.0,0.0
1.0949999999999902,0.0650309160063191,-11.284450277198212,0.0,0.0
1.09599999999999,0.06543039656213166,-11.29581672771943,0.0,0.0
1.09699999999999,0.06583261612785585,-11.307186322294871,0.0,0.0
1.0979999999999899,0.06623759830878251,-11.318559064960828,0.0,0.0
1.0989999999999898,0.06664536697407009,-11.32993495975734,0.0,0.0
1.0999999999999897,0.06705594626042574,-11.341314010728196,0.0,0.0
1.1009999999999895,0.0674693605758584,-11.352696221920947,0.0,0.0
1.1019999999999894,0.06788563460350973,-11.36408159738691,0.0,0.0
1.1029999999999893,0.06830479330551961,-11.375470141181173,0.0,0.0
1.1039999999999892,0.06872686192698224,-11.386861857362602,0.0,0.0
1.104999999999989,0.0691518659999632,-11.398256749993845,0.0,0.0
1.105999999999989,0.06957983134756945,-11.409654823141345,0.0,0.0
1.1069999999999889,0.07001078408811856,-11.42105608087534,0.0,0.0
1.1079999999999888,0.07044475063936045,-11.432460527269871,0.0,0.0
1.1089999999999887,0.07088175772275801,-11.443868166402789,0.0,0.0
1.1099999999999886,0.07132183236788142,-11.455279002355761,0.0,0.0
1.1109999999999884,0.07176500191684569,-11.466693039214277,0.0,0.0
1.1119999999999883,0.07221129402882116,-11.478110281067659,0.0,0.0
1.1129999999999882,0.07266073668467003,-11.489530732009058,0.0,0.0
1.113999999999988,0.07311335819159318,-11.50095439613547,0.0,0.0
1.114999999999988,0.07356918718792066,-11.512381277547739,0.0,0.0
1.115999999999988,0.0740282526479533,-11.523811380350564,0.0,0.0
1.1169999999999878,0.07449058388689234,-11.535244708652504,0.0,0.0
1.1179999999999877,0.07495621056587957,-11.546681266565988,0.0,0.0
1.1189999999999876,0.07542516269707995,-11.558121058207316,0.0,0.0
1.1199999999999875,0.07589747064891125,-11.56956408769667,0.0,0.0
1.1209999999999873,0.07637316515132708,-11.581010359158116,0.0,0.0
1.1219999999999872,0.07685227730119555,-11.592459876719618,0.0,0.0
1.1229999999999871,0.07733483856781273,-11.603912644513036,0.0,0.0
1.123999999999987,0.07782088079846428,-11.61536866667414,0.0,0.0
1.124999999999987,0.07831043622411872,-11.626827947342608,0.0,0.0
1.1259999999999868,0.07880353746522072,-11.638290490662042,0.0,0.0
1.1269999999999867,0.07930021753757382,-11.649756300779968,0.0,0.0
1.1279999999999866,0.07980050985835603,-11.661225381847846,0.0,0.0
1.1289999999999865,0.08030444825222414,-11.672697738021073,0.0,0.0
1.1299999999999863,0.0808120669575287,-11.684173373458993,0.0,0.0
1.1309999999999862,0.08132340063267045,-11.695652292324901,0.0,0.0
1.1319999999999861,0.08183848436252723,-11.707134498786052,0.0,0.0
1.132999999999986,0.08235735366505945,-11.718619997013668,0.0,0.0
1.133999999999986,0.08288004449797695,-11.73010879118294,0.0,0.0
1.1349999999999858,0.08340659326557659,-11.741600885473039,0.0,0.0
1.1359999999999857,0.0839370368256879,-11.753096284067123,0.0,0.0
1.1369999999999856,0.08447141249673927,-11.76459499115234,0.0,0.0
1.1379999999999855,0.08500975806497761,-11.776097010919836,0.0,0.0
1.1389999999999854,0.08555211179182418,-11.787602347564766,0.0,0.0
1.1399999999999852,0.08609851242133441,-11.799111005286294,0.0,0.0
1.1409999999999851,0.0866489991878427,-11.810622988287603,0.0,0.0
1.141999999999985,0.0872036118237367,-11.822138300775904,0.0,0.0
1.142999999999985,0.08776239056736819,-11.833656946962437,0.0,0.0
1.1439999999999848,0.08832537617112982,-11.845178931062483,0.0,0.0
1.1449999999999847,0.08889260990968319,-11.856704257295366,0.0,0.0
1.1459999999999846,0.08946413358834265,-11.868232929884467,0.0,0.0
1.1469999999999845,0.09003998955162039,-11.879764953057222,0.0,0.0
1.1479999999999844,0.09062022069194398,-11.891300331045136,0.0,0.0
1.1489999999999843,0.09120487045853826,-11.902839068083784,0.0,0.0
1.1499999999999841,0.09179398286648803,-11.914381168412822,0.0,0.0
1.150999999999984,0.09238760250595655,-11.925926636275994,0.0,0.0
1.151999999999984,0.09298577455161125,-11.937475475921133,0.0,0.0
1.1529999999999838,0.09358854477222794,-11.949027691600175,0.0,0.0
1.1539999999999837,0.09419595954047207,-11.960583287569165,0.0,0.0
1.1549999999999836,0.09480806584288555,-11.972142268088255,0.0,0.0
1.1559999999999835,0.09542491129007591,-11.983704637421726,0.0,0.0
1.1569999999999834,0.096046544127098,-11.995270399837977,0.0,0.0
1.1579999999999833,0.09667301324405003,-12.006839559609551,0.0,0.0
1.1589999999999832,0.09730436818688408,-12.018412121013126,0.0,0.0
1.159999999999983,0.0979406591684274,-12.02998808832953,0.0,0.0
1.160999999999983,0.09858193707963525,-12.041567465843745,0.0,0.0
1.1619999999999828,0.09922825350106942,-12.053150257844917,0.0,0.0
1.1629999999999827,0.09987966071460512,-12.06473646862636,0.0,0.0
1.1639999999999826,0.10053621171538718,-12.076326102485563,0.0,0.0
1.1649999999999825,0.10119796022402607,-12.0879191637242,0.0,0.0
1.1659999999999824,0.10186496069904034,-12.099515656648132,0.0,0.0
1.1669999999999823,0.1025372683495673,-12.111115585567418,0.0,0.0
1.1679999999999822,0.10321493914833346,-12.122718954796325,0.0,0.0
1.168999999999982,0.10389802984487181,-12.134325768653323,0.0,0.0
1.169999999999982,0.1045865979790675,-12.145936031461105,0.0,0.0
1.1709999999999818,0.10528070189493463,-12.15754974754659,0.0,0.0
1.1719999999999817,0.10598040075470147,-12.169166921240924,0.0,0.0
1.1729999999999816,0.10668575455320846,-12.180787556879498,0.0,0.0
1.1739999999999815,0.10739682413259118,-12.192411658801944,0.0,0.0
1.1749999999999814,0.10811367119726871,-12.204039231352152,0.0,0.0
1.1759999999999813,0.10883635832929198,-12.215670278878266,0.0,0.0
1.1769999999999812,0.10956494900396078,-12.227304805732704,0.0,0.0
1.177999999999981,0.11029950760583908,-12.238942816272154,0.0,0.0
1.178999999999981,0.1110400994450625,-12.250584314857589,0.0,0.0
1.1799999999999808,0.11178679077402139,-12.262229305854268,0.0,0.0
1.1809999999999807,0.11253964880442109,-12.273877793631748,0.0,0.0
1.1819999999999806,0.11329874172468268,-12.285529782563886,0.0,0.0
1.1829999999999805,0.11406413871774655,-12.297185277028856,0.0,0.0
1.1839999999999804,0.11483590997925501,-12.30884428140914,0.0,0.0
1.1849999999999803,0.1156141267361447,-12.320506800091554,0.0,0.0
1.1859999999999802,0.11639886126564672,-12.33217283746724,0.0,0.0
1.18699999999998,0.11719018691469987,-12.343842397931681,0.0,0.0
1.18799999999998,0.11798817811979478,-12.355515485884707,0.0,0.0
1.1889999999999799,0.11879291042730392,-12.367192105730501,0.0,0.0
1.1899999999999797,0.11960446051419359,-12.378872261877607,0.0,0.0
1.1909999999999796,0.12042290620926466,-12.390555958738936,0.0,0.0
1.1919999999999795,0.12124832651485284,-12.402243200731778,0.0,0.0
1.1929999999999794,0.12208080162900428,-12.413933992277801,0.0,0.0
1.1939999999999793,0.12292041296819295,-12.425628337803069,0.0,0.0
1.1949999999999792,0.12376724319050907,-12.437326241738036,0.0,0.0
1.195999999999979,0.12462137621944526,-12.44902770851757,0.0,0.0
1.196999999999979,0.12548289726814374,-12.46073274258094,0.0,0.0
1.1979999999999789,0.12635189286430312,-12.472441348371845,0.0,0.0
1.1989999999999787,0.12722845087557266,-12.484153530338405,0.0,0.0
1.1999999999999786,0.1281126605356091,-12.495869292933175,0.0,0.0
1.2009999999999785,0.12900461247069459,-12.507588640613156,0.0,0.0
1.2019999999999784,0.1299043987269976,-12.51931157783979,0.0,0.0
1.2029999999999783,0.13081211279849358,-12.531038109078983,0.0,0.0
1.2039999999999782,0.13172784965551906,-12.5427682388011,0.0,0.0
1.204999999999978,0.13265170577402363,-12.554501971480981,0.0,0.0
1.205999999999978,0.13358377916550077,-12.566239311597942,0.0,0.0
1.2069999999999779,0.134524169407653,-12.577980263635787,0.0,0.0
1.2079999999999778,0.13547297767580133,-12.589724832082814,0.0,0.0
1.2089999999999776,0.13643030677502332,-12.601473021431822,0.0,0.0
1.2099999999999775,0.13739626117309012,-12.613224836180118,0.0,0.0
1.2109999999999774,0.13837094703422362,-12.624980280829526,0.0,0.0
1.2119999999999773,0.13935447225364023,-12.636739359886395,0.0,0.0
1.2129999999999772,0.14034694649295967,-12.648502077861604,0.0,0.0
1.213999999999977,0.14134848121650376,-12.660268439270572,0.0,0.0
1.214999999999977,0.14235918972847106,-12.672038448633263,0.0,0.0
1.2159999999999769,0.14337918721102821,-12.683812110474197,0.0,0.0
1.2169999999999768,0.14440859076338955,-12.695589429322455,0.0,0.0
1.2179999999999767,0.1454475194418467,-12.70737040971169,0.0,0.0
1.2189999999999765,0.1464960943007966,-12.719155056180128,0.0,0.0
1.2199999999999764,0.1475544384348366,-12.730943373270582,0.0,0.0
1.2209999999999763,0.1486226770219134,-12.742735365530457,0.0,0.0
1.2219999999999762,0.1497009373675646,-12.754531037511757,0.0,0.0
1.222999999999976,0.15078934895028948,-12.766330393771096,0.0,0.0
1.223999999999976,0.15188804346811619,-12.778133438869702,0.0,0.0
1.2249999999999759,0.15299715488634014,-12.789940177373426,0.0,0.0
1.2259999999999758,0.15411681948650446,-12.80175061385275,0.0,0.0
1.2269999999999757,0.15524717591667872,-12.813564752882796,0.0,0.0
1.2279999999999756,0.15638836524300873,-12.82538259904333,0.0,0.0
1.2289999999999754,0.1575405310026827,-12.837204156918775,0.0,0.0
1.2299999999999753,0.15870381925822025,-12.849029431098213,0.0,0.0
1.2309999999999752,0.1598783786532789,-12.860858426175398,0.0,0.0
1.2319999999999751,0.16106436046986577,-12.87269114674876,0.0,0.0
1.232999999999975,0.16226191868714998,-12.884527597421416,0.0,0.0
1.233999999999975,0.1634712100418182,-12.896367782801173,0.0,0.0
1.2349999999999748,0.16469239409005446,-12.908211707500541,0.0,0.0
1.2359999999999747,0.16592563327120305,-12.920059376136741,0.0,0.0
1.2369999999999746,0.1671710929732021,-12.931910793331706,0.0,0.0
1.2379999999999745,0.16842894159973762,-12.943765963712098,0.0,0.0
1.2389999999999743,0.16969935063930092,-12.95562489190931,0.0,0.0
1.2399999999999742,0.17098249473611285,-12.967487582559473,0.0,0.0
1.2409999999999741,0.1722785517630644,-12.97935404030347,0.0,0.0
1.241999999999974,0.17358770289661316,-12.991224269786938,0.0,0.0
1.242999999999974,0.17491013269385075,-13.00309827566028,0.0,0.0
1.2439999999999738,0.1762460291716878,-13.01497606257867,0.0,0.0
1.2449999999999737,0.17759558388829758,-13.026857635202061,0.0,0.0
1.2459999999999736,0.17895899202686685,-13.038742998195197,0.0,0.0
1.2469999999999735,0.18033645248173724,-13.050632156227616,0.0,0.0
1.2479999999999734,0.18172816794699562,-13.062525113973662,0.0,0.0
1.2489999999999732,0.18313434500764195,-13.074421876112488,0.0,0.0
1.2499999999999731,0.18455519423338548,-13.086322447328072,0.0,0.0
1.250999999999973,0.18599093027515606,-13.098226832309216,0.0,0.0
1.251999999999973,0.18744177196444634,-13.110135035749561,0.0,0.0
1.2529999999999728,0.18890794241557143,-13.122047062347592,0.0,0.0
1.2539999999999727,0.19038966913092378,-13.133962916806647,0.0,0.0
1.2549999999999726,0.19188718410936917,-13.145882603834922,0.0,0.0
1.2559999999999725,0.193400723957887,-13.157806128145486,0.0,0.0
1.2569999999999724,0.19493053000650398,-13.169733494456283,0.0,0.0
1.2579999999999723,0.19647684842671548,-13.181664707490143,0.0,0.0
1.2589999999999721,0.1980399303535167,-13.193599771974785,0.0,0.0
1.259999999999972,0.1996200320110622,-13.205538692642838,0.0,0.0
1.260999999999972,0.2012174148422551,-13.217481474231834,0.0,0.0
1.2619999999999718,0.20283234564226915,-13.229428121484224,0.0,0.0
1.2629999999999717,0.2044650966961538,-13.241378639147388,0.0,0.0
1.2639999999999716,0.20611594592081028,-13.253333031973638,0.0,0.0
1.2649999999999715,0.20778517701129456,-13.265291304720229,0.0,0.0
1.2659999999999714,0.20947307959174633,-13.277253462149368,0.0,0.0
1.2669999999999713,0.211179949371094,-13.28921950902822,0.0,0.0
1.2679999999999712,0.21290608830365576,-13.30118945012892,0.0,0.0
1.268999999999971,0.21465180475486112,-13.313163290228575,0.0,0.0
1.269999999999971,0.21641741367231151,-13.325141034109281,0.0,0.0
1.2709999999999708,0.21820323676229628,-13.337122686558123,0.0,0.0
1.2719999999999707,0.22000960267205813,-13.349108252367188,0.0,0.0
1.2729999999999706,0.2218368471779802,-13.361097736333573,0.0,0.0
1.2739999999999705,0.2236853133799032,-13.37309114325939,0.0,0.0
1.2749999999999704,0.2255553519018756,-13.385088477951783,0.0,0.0
1.2759999999999703,0.22744732109952512,-13.397089745222925,0.0,0.0
1.2769999999999702,0.22936158727429273,-13.409094949890033,0.0,0.0
1.27799999999997,0.23129852489490407,-13.421104096775379,0.0,0.0
1.27899999999997,0.23325851682621515,-13.433117190706291,0.0,0.0
1.2799999999999698,0.23524195456583738,-13.445134236515166,0.0,0.0
1.2809999999999697,0.23724923848880966,-13.45715523903948,0.0,0.0
1.2819999999999696,0.2392807781006081,-13.469180203121793,0.0,0.0
1.2829999999999695,0.2413369922989232,-13.48120913360976,0.0,0.0
1.2839999999999694,0.24341830964439148,-13.493242035356134,0.0,0.0
1.2849999999999693,0.24552516864086965,-13.505278913218786,0.0,0.0
1.2859999999999692,0.24765801802541482,-13.517319772060704,0.0,0.0
1.286999999999969,0.24981731706853066,-13.529364616750001,0.0,0.0
1.287999999999969,0.2520035358850548,-13.54141345215993,0.0,0.0
1.2889999999999688,0.2542171557560476,-13.553466283168888,0.0,0.0
1.2899999999999687,0.2564586694623278,-13.565523114660428,0.0,0.0
1.2909999999999686,0.2587285816299394,-13.577583951523264,0.0,0.0
1.2919999999999685,0.2610274090881809,-13.589648798651282,0.0,0.0
1.2929999999999684,0.26335568124072933,-13.601717660943548,0.0,0.0
1.2939999999999683,0.26571394045033125,-13.613790543304315,0.0,0.0
1.2949999999999682,0.2681027424377553,-13.625867450643037,0.0,0.0
1.295999999999968,0.27052265669555925,-13.637948387874372,0.0,0.0
1.296999999999968,0.2729742669173055,-13.650033359918194,0.0,0.0
1.2979999999999678,0.2754581714429707,-13.662122371699597,0.0,0.0
1.2989999999999677,0.277974983721211,-13.674215428148914,0.0,0.0
1.2999999999999676,0.2805253327892209,-13.686312534201713,0.0,0.0
1.3009999999999675,0.2831098637710435,-13.698413694798814,0.0,0.0
1.3019999999999674,0.2857292383950709,-13.710518914886299,0.0,0.0
1.3029999999999673,0.28838413553169395,-13.722628199415514,0.0,0.0
1.3039999999999672,0.2910752517519543,-13.734741553343081,0.0,0.0
1.304999999999967,0.2938033019081772,-13.746858981630911,0.0,0.0
1.305999999999967,0.2965690197376533,-13.758980489246207,0.0,0.0
1.3069999999999669,0.2993731584903543,-13.771106081161475,0.0,0.0
1.3079999999999667,0.302216491581869,-13.783235762354533,0.0,0.0
1.3089999999999666,0.3050998132727604,-13.79536953780852,0.0,0.0
1.3099999999999665,0.3080239393755351,-13.807507412511908,0.0,0.0
1.3109999999999664,0.31098970799060144,-13.819649391458503,0.0,0.0
1.3119999999999663,0.31399798027258374,-13.831795479647463,0.0,0.0
1.3129999999999662,0.317049641228495,-13.8439456820833,0.0,0.0
1.313999999999966,0.32014560054926744,-13.856100003775893,0.0,0.0
1.314999999999966,0.3232867934763368,-13.868258449740498,0.0,0.0
1.3159999999999659,0.3264741817050074,-13.880421024997752,0.0,0.0
1.3169999999999658,0.32970875432634417,-13.892587734573684,0.0,0.0
1.3179999999999656,0.33299152880971,-13.90475858349973,0.0,0.0
1.3189999999999655,0.33632355202780406,-13.916933576812731,0.0,0.0
1.3199999999999654,0.3397059013264692,-13.929112719554954,0.0,0.0
1.3209999999999653,0.34313968564160896,-13.941296016774091,0.0,0.0
1.3219999999999652,0.34662604666548963,-13.953483473523276,0.0,0.0
1.322999999999965,0.35016616006521056,-13.965675094861089,0.0,0.0
1.323999999999965,0.35376123675588,-13.977870885851566,0.0,0.0
