t[s],Relative error in y,vy[m/s],Relative error in x,vx[m/s]
0.0,0.0,0.0,,10.0
0.01,4.9035252500566775e-05,-0.0980655,0.0011026550580506395,9.98775
0.02,9.808513004898483e-05,-0.19612982193681944,0.00159147008111797,9.975529994117345
0.03,0.00014716407493868287,-0.29419060974070543,0.002079448252066066,9.963339872281061
0.04,0.0001962865565816881,-0.3922455075966351,0.002566591923277604,9.951179524958265
0.05,0.0002454670850833294,-0.490292160170702,0.003052903436760824,9.939048843150866
0.060000000000000005,0.0002947202248920263,-0.5883282128364172,0.0035383851257021403,9.926947718392315
0.07,0.00034406060856420124,-0.6863513119008798,0.004023039313955915,9.914876042744362
0.08,0.00039350295065841386,-0.7843591048307696,0.004506868316626723,9.902833708793846
0.09,0.0004430620618017345,-0.8823492404781166,0.004989874439293299,9.890820609649504
0.09999999999999999,0.000492752862941873,-0.9803193693058004,0.005472059978628122,9.878836638938802
0.10999999999999999,0.0005425903998161086,-1.0782671436127356,0.005953427222211021,9.866881690804794
0.11999999999999998,0.0005925898576859972,-1.1761902177586938,0.0064339784489097765,9.854955659903002
0.12999999999999998,0.0006427665763449077,-1.2740862483887208,0.0069137159284138995,9.843058441398316
0.13999999999999999,0.0006931360654400996,-1.3719528946571,0.007392641921628466,9.831189930961921
0.15,0.0007437140201470341,-1.4697878184508182,0.007870758680630916,9.819350024768237
0.16,0.0007945163372215902,-1.567588684612488,0.008348068448658671,9.807538619491895
0.17,0.0008455591314744143,-1.6653531611626826,0.008824573460380914,9.795755612304724
0.18000000000000002,0.0008968587526982614,-1.7630789195216368,0.009300275941596521,9.784000900872764
0.19000000000000003,0.0009484318030865368,-1.8607636347302703,0.009775178109512736,9.772274383353299
0.20000000000000004,0.001000295155185212,-1.9584049856704893,0.0102492821726841,9.760575958391914
0.21000000000000005,0.0010524659704329714,-2.0560006552847216,0.010722590331236903,9.748905525119572
0.22000000000000006,0.0011049617183042776,-2.1535483307946417,0.01119510477663676,9.737262983149703
0.23000000000000007,0.001157800196138351,-2.251045703919041,0.01166682769191791,9.725648232575333
0.24000000000000007,0.0012109995496761494,-2.348490471090802,0.012137761251677395,9.714061173966218
0.25000000000000006,0.0012645782943734307,-2.4458803336729336,0.012607907622082946,9.702501708366002
0.26000000000000006,0.001318555337531925,-2.5432129981736193,0.013077268961058125,9.690969737289398
0.2700000000000001,0.001372950001326725,-2.6404861764602447,0.013545847418105949,9.679465162719389
0.2800000000000001,0.0014277820467684063,-2.7376975859723554,0.014013645134497531,9.667987887104442
0.2900000000000001,0.001483071698687944,-2.834844949933506,0.014480664243244798,9.656537813355754
0.3000000000000001,0.0015388396717972296,-2.931925997561961,0.014946906869266247,9.64511484484451
0.3100000000000001,0.0015951071979077606,-3.0289384642802015,0.015412375129239325,9.633718885399157
0.3200000000000001,0.0016518960543895186,-3.125880091923203,0.015877071131767537,9.622349839302702
0.3300000000000001,0.0017092285939485812,-3.2227486289454403,0.016340996977361445,9.611007611290036
0.34000000000000014,0.0017671277758139576,-3.3195418306265827,0.01680415475858703,9.599692106545263
0.35000000000000014,0.001825617198439184,-3.416257459275836,0.017266546559941903,9.588403230699056
0.36000000000000015,0.0018847211338105536,-3.512893284434899,0.017728174458005324,9.577140889826032
0.37000000000000016,0.0019444645634800013,-3.60944708307949,0.018189040521447555,9.565904990442144
0.38000000000000017,0.0020048732164270593,-3.7059166398194097,0.01864914681104815,9.554695439502089
0.3900000000000002,0.00206597360891586,-3.8022997470971016,0.019108495379826583,9.543512144396738
0.4000000000000002,0.0021277930864239624,-3.8985942053846716,0.019567088272940493,9.532355012950582
0.4100000000000002,0.0021903598678438482,-3.994797823379335,0.020024927527817857,9.521223953419199
0.4200000000000002,0.002253703092081172,-4.09090841819725,0.020482015174150978,9.51011887448673
0.4300000000000002,0.002317852867238908,-4.186923815565706,0.020938353234017566,9.499039685263389
0.4400000000000002,0.0023828403225570325,-4.2828418500136305,0.02139394372179303,9.487986295282969
0.45000000000000023,0.0024486976633116696,-4.378660365060383,0.021848788644270315,9.476958614500383
0.46000000000000024,0.0025154582288756527,-4.4743772134027955,0.022302890000678734,9.465956553289216
0.47000000000000025,0.0025831565542039536,-4.569990257100438,0.022756249782699734,9.454980022439292
0.48000000000000026,0.0026518284349277632,-4.665497367759063,0.023208869974580045,9.444028933154263
0.49000000000000027,0.002721510996410403,-4.760896426712214,0.02366075255305363,9.433103197049206
0.5000000000000002,0.0027922427669689227,-4.8561853252009435,0.024111899487455724,9.42220272614825
0.5100000000000002,0.0028640637556445344,-4.951361964551638,0.024562312739720524,9.411327432882201
0.5200000000000002,0.0029370155348316805,-5.046424256351897,0.025011994264487726,9.400477230086208
0.5300000000000002,0.0030111413281332065,-5.141370122624448,0.02546094600903314,9.389652030997421
0.5400000000000003,0.003086486103873525,-5.236197495999066,0.02590916991337399,9.378851749252677
0.5500000000000003,0.003163096674658251,-5.33090431988247,0.026356667910270522,9.368076298886205
0.5600000000000003,0.0032410218035281877,-5.425488548626172,0.02680344192532543,9.35732559432734
0.5700000000000003,0.0033203123171587287,-5.519948147692241,0.02724949387692193,9.346599550398254
0.5800000000000003,0.00340102122671576,-5.614281093816973,0.027694825676322303,9.335898082311704
0.5900000000000003,0.003483203856978636,-5.708485375172425,0.028139439227687104,9.325221105668799
0.6000000000000003,0.0035669179843915966,-5.802558991525802,0.028583336428094096,9.314568536456772
0.6100000000000003,0.0036522239848196148,-5.896499954396661,0.02902651916763073,9.303940291046779
0.6200000000000003,0.0037391849917852537,-5.990306287211916,0.029468989329339675,9.293336286191707
0.6300000000000003,0.0038278670661048776,-6.083976025458626,0.0299107487893118,9.282756439023997
0.6400000000000003,0.00391833937786869,-6.1775072168345275,0.03035179941669067,9.272200667053482
0.6500000000000004,0.004010674401900152,-6.270897921396307,0.030792143073760676,9.261668888165245
0.6600000000000004,0.004104948127797519,-6.364146211705587,0.031231781615897413,9.251161020617479
0.6700000000000004,0.004201240285932355,-6.457250172972601,0.03167071689165538,9.240676983039378
0.6800000000000004,0.004299634590792674,-6.550207903197547,0.03210895074278746,9.230216694429032
0.6900000000000004,0.004400219003293377,-6.643017513309596,0.03254648500426368,9.219780074151332
0.7000000000000004,0.0045030860137655815,-6.735677127303534,0.032983321504355186,9.209367041935907
0.7100000000000004,0.0046083329476130095,-6.828184882374032,0.03341946206458885,9.198977517875054
0.7200000000000004,0.004716062295756292,-6.920538929047517,0.03385490849983068,9.188611422421694
0.7300000000000004,0.0048263820722579545,-7.01273743131163,0.03428966261829302,9.178268676387342
0.7400000000000004,0.00493940620180172,-7.104778566742267,0.03472372622161318,9.167949200940088
0.7500000000000004,0.005055254939940194,-7.196660526628168,0.035157101104813224,9.157652917602588
0.7600000000000005,0.0051740553294687425,-7.288381516093066,0.03558978905637856,9.147379748250078
0.7700000000000005,0.0052959416965320544,-7.379939754215361,0.03602179185826651,9.137129615108387
0.7800000000000005,0.0054210561906248645,-7.471333474145319,0.03645311128598116,9.126902440751984
0.7900000000000005,0.00554954937306152,-7.562560923219788,0.036883749108536854,9.116698148102016
0.8000000000000005,0.005681580859118361,-7.653620363074405,0.03731370708853328,9.106516660424374
0.8100000000000005,0.0058173200195815395,-7.744510069753302,0.03774298698217432,9.096357901327767
0.8200000000000005,0.005956946748305768,-7.835228333816289,0.0381715905392881,9.086221794761808
0.8300000000000005,0.006100652303102129,-7.925773460443517,0.03859951950339883,9.076108265015117
0.8400000000000005,0.006248640228276709,-8.016143769537598,0.03902677561169222,9.066017236713428
0.8500000000000005,0.006401127368254947,-8.106337595823195,0.03945336059508898,9.055948634817721
0.8600000000000005,0.0065583449829281415,-8.196353288944056,0.03987927617825155,9.045902384622355
0.8700000000000006,0.006720539976878718,-8.2861892135575,0.040304524079655485,9.03587841175322
0.8800000000000006,0.006887976256283517,-8.375843749426348,0.04072910601155607,9.025876642165901
0.8900000000000006,0.0070609362292229465,-8.465315291508285,0.04115302368005914,9.01589700214385
0.9000000000000006,0.0072397224674472845,-8.554602250042665,0.04157627878513859,9.005939418296576
0.9100000000000006,0.007424659550226941,-8.643703050634752,0.041998873020655844,8.996003817557837
0.9200000000000006,0.007616096113977274,-8.732616134337377,0.04242080807442608,8.98609012718386
0.9300000000000006,0.00781440713503507,-8.82133995773004,0.04284208562818919,8.976198274751562
0.9400000000000006,0.008019996477064773,-8.909872992995433,0.04326270735767647,8.966328188156774
0.9500000000000006,0.008233299739649818,-8.998213727993399,0.04368267493261915,8.956479795612502
0.9600000000000006,0.008454787450416883,-9.086360666332304,0.04410199001681263,8.946653025647173
0.9700000000000006,0.008684968650066774,-9.174312327437868,0.04452065426808954,8.936847807102911
0.9800000000000006,0.008924394927900559,-9.262067246619399,0.04493866933838363,8.927064069133815
0.9900000000000007,0.009173664975293705,-9.349623975133488,0.045356036873738986,8.917301741204248
1.0000000000000007,0.009433429736428064,-9.43698108024513,0.04577275851437191,8.907560753087147
1.0100000000000007,0.009704398249676283,-9.52413714528629,0.04618883589464626,8.89784103486233
1.0200000000000007,0.009987344290184262,-9.611090769711916,0.04660427064313374,8.888142516914824
1.0300000000000007,0.010283113944882634,-9.69784056915342,0.04701906438263324,8.878465129933202
1.0400000000000007,0.010592634276263614,-9.784385175469593,0.047433218730187715,8.86880880490793
1.0500000000000007,0.01091692326200322,-9.870723236795005,0.04784673529714442,8.859173473129724
1.0600000000000007,0.01125710123517167,-9.956853417585872,0.0482596156891318,8.849559066187917
1.0700000000000007,0.011614404096105762,-10.04277439866341,0.04867186150611703,8.839965515968839
1.0800000000000007,0.011990198624590711,-10.12848487725466,0.0490834743424174,8.830392754654207
1.0900000000000007,0.012386000292483795,-10.213983567030835,0.0494944557867574,8.82084071471953
1.1000000000000008,0.01280349406642933,-10.299269198143158,0.049904807422245366,8.81130932893251
1.1100000000000008,0.013244558803236372,-10.38434051725622,0.05031453082643254,8.801798530351467
1.1200000000000008,0.013711295983102036,-10.469196287578875,0.050723627571321483,8.792308252323778
1.1300000000000008,0.01420606370819316,-10.553835288892662,0.05113209922342235,8.782838428484302
1.1400000000000008,0.014731517127659924,-10.63825631757779,0.05153994734373209,8.773388992753846
1.1500000000000008,0.01529065675241467,-10.722458186636675,0.051947173487789426,8.76395987933762
1.1600000000000008,0.015886886516611062,-10.806439725715064,0.05235377920569258,8.754551022723707
1.1700000000000008,0.016524083959481004,-10.890199781120739,0.05275976604211646,8.745162357681547
1.1800000000000008,0.017206685585921203,-10.97373721583983,0.05316513553636553,8.735793819260426
1.1900000000000008,0.017939791378843214,-11.057050909550746,0.05356988922235534,8.72644534278798
1.2000000000000008,0.018729293671315577,-11.140139758635737,0.05397402862866552,8.717116863868698
1.2100000000000009,0.01958203727021678,-11.2230026761901,0.05437755527854975,8.707808318382451
1.2200000000000009,0.020506020045423963,-11.305638592029053,0.05478047068998688,8.698519642483014
1.2300000000000009,0.02151064643976589,-11.38804645269229,0.05518277637566392,8.689250772596607
1.2400000000000009,0.022607050937851734,-11.470225221446228,0.055584473843026866,8.680001645420445
1.2500000000000009,0.02380851510314847,-11.552173878283966,0.05598556459429766,8.670772197921293
1.260000000000001,0.025131011359983687,-11.633891419922989,0.05638605012649063,8.661562367334033
1.270000000000001,0.02659392085819707,-11.715376859800596,0.056785931931462454,8.65237209116024
1.280000000000001,0.028220994102999133,-11.79662922806712,0.0571852114958957,8.643201307166764
1.290000000000001,0.030041655851547965,-11.87764757157692,0.05758389030134788,8.634049953384329
1.300000000000001,0.032092807359444045,-11.958430953877183,0.05798196982426171,8.62491796810613
1.310000000000001,0.034421362132725924,-12.038978455194549,0.058379451536013885,8.615805289886453
1.320000000000001,0.03708788881855342,-12.119289172419581,0.058776336902898074,8.606711857539281
1.330000000000001,0.040171969447901655,-12.199362219089101,0.059172627386174154,8.597637610136939
1.340000000000001,0.04378029562169054,-12.279196725366415,0.0595683244420776,8.588582487008722
1.350000000000001,0.04805928678341961,-12.358791838019433,0.05996342952186663,8.579546427739544
1.360000000000001,0.053215479806651866,-12.438146720396736,0.060357944071807126,8.570529372168592
1.370000000000001,0.059549912502843576,-12.517260552401567,0.060751869533219365,8.561531260387989
1.380000000000001,0.06751915346810108,-12.59613253046382,0.06114520734249407,8.55255203274147
1.390000000000001,0.0778506435149024,-12.674761867510005,0.06153795893110772,8.543591629823059
